51775928,-1911322
51780654,-1919489
51788700,-1930116
51817569,-1847786
51818935,-1950859
51833240,-1979360
51853809,-1714831
51854290,-1895547
51854652,-1925223
51857620,-2031141
51871948,-1822476
51872005,-1972094
51874660,-2027188
51886306,-1756731
51886665,-1979845
51886936,-2000505
51887977,-2022924
51894104,-2031719
51899211,-2035182
51907985,-1675254
51908172,-1931573
51908954,-1998267
51932559,-1813074
51932651,-1987183
51940719,-2001015
51954860,-2020224
51969005,-2013228
51988594,-2000652
51997913,-1969395
51998561,-1965381
52001728,-1943755
51940284,-1916648
51939796,-1745155
51935291,-1723814
51927253,-1688756
51923313,-1684989
51907985,-1675254
51884330,-1775892
51884201,-1755988
51880729,-1703387
51880554,-1702619
51880172,-1701445
51876583,-1695657
51872093,-1698752
51860797,-2017320
51860309,-1880867
51859630,-1764746
51856517,-1711866
51853687,-1701359
51837089,-1949635
51836830,-1804907
51836139,-1745130
51828933,-1743763
51826866,-1743920
51799819,-1883650
51799709,-1812521
51788616,-1717982
51781482,-1753309
51778011,-1780346
