51673057,-2226166
51736106,-2161909
51736492,-2192422
51739273,-2248378
51750293,-2260029
51783973,-2194407
51784255,-2218198
51786045,-2226687
51794391,-2225859
51807407,-2217294
51809497,-2203771
51812660,-2177777
51812656,-2169001
51803981,-2126418
51784252,-2099718
51778408,-2091994
51763076,-2232889
51762363,-2130894
51755325,-2081718
51752529,-2077280
51719429,-2163109
51719230,-2141017
51719085,-2136820
51714851,-2109957
51695430,-2231745
51695335,-2166191
51694850,-2165132
51686790,-2163801
