51643699,-1968793
51670726,-1934635
51670951,-2048914
51673694,-2084594
51678241,-2095044
51689479,-1843703
51690254,-2022114
51691318,-2066007
51712783,-1964810
51713325,-2051291
51716747,-2056592
51722637,-1644821
51722759,-1931867
51722957,-2004542
51724411,-2070428
51726066,-2083663
51729515,-2090040
51734962,-1659511
51734970,-1793761
51735118,-1978448
51736980,-2098758
51741252,-2094408
51751861,-1883701
51752178,-1976542
51752742,-2021522
51754379,-2066302
51778560,-1871993
51778781,-1995647
51783859,-2056285
51786964,-2079195
51805358,-1989147
51805496,-1985101
51778244,-1804884
51772529,-1714503
51763114,-2062592
51762977,-1826163
51759563,-1732854
51755390,-1644622
51746181,-2013322
51746051,-1733963
51745548,-1713587
51741561,-1632493
51739715,-1631870
51731655,-1938760
51731601,-1713414
51730220,-1652305
51723163,-1970201
51722953,-1642213
51720684,-1629781
51718070,-1638763
51711196,-1951264
51711166,-1791235
51710674,-1670793
51702220,-1966974
51702182,-1901380
51701980,-1687959
51692165,-1955220
51692161,-1645985
51691791,-1642110
51689174,-1639484
