51129619,-774923
51132572,-798528
51141262,-823875
51142826,-827412
51187389,-747149
51187480,-878490
51188095,-886677
51189567,-890161
51204193,-717191
51204208,-831634
51208534,-882503
51210067,-886761
51228416,-731542
51228767,-876198
51239837,-577427
51239849,-730998
51239875,-828310
51240196,-860822
51245620,-882794
51250537,-876986
51264083,-564453
51264095,-726446
51264122,-765964
51265453,-789118
51285545,-811361
51308147,-709030
51308181,-780375
51308273,-791865
51308994,-809421
51311946,-834927
51325870,-852213
51365222,-687545
51365306,-690071
51366725,-695026
51377090,-714638
51373142,-682262
51351341,-648078
51350860,-648536
51347274,-656411
51328617,-778068
51328609,-704523
51328540,-696846
51317752,-555834
51317680,-555850
51308067,-788355
51308052,-704571
51306442,-698719
51300922,-694285
51267448,-762275
51267395,-725638
51264675,-583556
51264083,-564453
51258533,-544877
51246189,-743532
51246166,-547403
51246124,-532432
51245975,-530788
51245811,-529103
51245117,-525472
51244255,-524812
51242210,-523845
51236621,-526288
51229465,-857276
51229423,-564888
51228828,-562801
51228065,-562008
51227310,-564294
51227024,-567411
51214424,-743237
51214256,-732388
51211696,-703439
51211395,-702402
51204284,-702602
51191272,-879958
51191211,-787458
51191177,-764248
51188583,-731204
51166088,-844340
51166011,-789706
51165527,-753820
51162685,-751093
51137798,-739058
