50900043,-664757
51014789,-607733
51014934,-774568
51019058,-793208
51051948,-726767
51052055,-741913
51073959,-767600
51101478,-686886
51101490,-743273
51102352,-757732
51104644,-785025
51117126,-785940
51126533,-783536
51133029,-752337
51229511,-586054
51229724,-613818
51229927,-614285
51280193,-647240
51281684,-666613
51300018,-492536
51300106,-560662
51300193,-599883
51300529,-646974
51300670,-657628
51302700,-673750
51321933,-516135
51321933,-615475
51322010,-635191
51323055,-643657
51330242,-658875
51337444,-663302
51396350,-608990
51407714,-598451
51416683,-571155
51414089,-553174
51400188,-549760
51395694,-549341
51394287,-549544
51391025,-555326
51366523,-649958
51366497,-633783
51366451,-606089
51365665,-579480
51358016,-552026
51326416,-638446
51326366,-527776
51326313,-520601
51326229,-512494
51325851,-483745
51320930,-459639
51303115,-581914
51303089,-549767
51302982,-536787
51302623,-510200
51301856,-454755
51296066,-444047
51288249,-448371
51247879,-613015
51247867,-607570
51247745,-593532
51246685,-586931
51245288,-582317
51233104,-576203
51231803,-575685
51225551,-577740
51112045,-750990
51112026,-730045
51110492,-705573
51107959,-687160
51101654,-663200
51073505,-763872
51073352,-645459
51056953,-599863
51047004,-591318
51025287,-575671
50997562,-665694
50997238,-566190
50980693,-741095
50980606,-610423
50980274,-594755
50979614,-585565
50956287,-679961
50956012,-628256
50955650,-623326
50954631,-609517
50945808,-611432
50933620,-617303
