51030479,-1033032
51037689,-1051809
51042171,-1057708
51074344,-959992
51079658,-1021386
51101463,-905353
51101585,-1009698
51101905,-1056195
51103321,-1062365
51108409,-1080517
51117641,-1088933
51128482,-1093409
51147060,-969466
51147102,-982404
51147392,-1050235
51147956,-1057686
51156345,-1069970
51177593,-924696
51177593,-1038556
51179061,-1071073
51182392,-1065886
51190040,-1034675
51193809,-1009826
51201904,-914540
51177585,-867786
51168327,-856113
51159294,-854221
51125381,-1056704
51125267,-1021281
51101142,-943951
51100055,-922636
51094165,-913636
51092124,-913556
51041774,-1046504
51040702,-1006032
