50943035,-893491
50948692,-935209
50963577,-1031374
50967960,-1042491
50980182,-1068465
51004032,-950562
51004215,-1048786
51008064,-1094176
51017459,-819967
51017532,-1013998
51017654,-1085578
51023059,-1098176
51029193,-1098655
51043136,-937568
51071765,-803342
51071815,-891322
51074344,-959992
51079658,-1021386
51098514,-880972
51098575,-1039596
51100326,-1057969
51108409,-1080517
51117774,-850260
51117973,-1039494
51118003,-1046252
51118434,-1060902
51119735,-1080893
51128669,-810118
51128734,-988110
51129173,-1065557
51130996,-1081441
51137248,-1081874
51156482,-964081
51156497,-981310
51156826,-1048097
51157707,-1051239
51159267,-1053123
51165382,-1060420
51177585,-867786
51177593,-1038556
51179061,-1071073
51182392,-1065886
51190040,-1034675
51193809,-1009826
51210189,-585744
51210704,-619629
51211608,-646403
51214931,-678292
51217407,-684049
51253372,-608264
51253551,-679879
51253940,-697580
51255744,-694777
51260051,-685254
51260395,-684427
51285663,-585692
51285789,-620348
51287132,-621641
51289104,-623203
51291816,-610888
51285663,-585692
51277210,-581206
51243782,-665030
51242996,-642961
51225559,-582952
51223693,-579698
51216808,-574544
51208858,-580459
51204509,-583784
51182689,-917910
51180728,-876908
51179908,-872851
51177585,-867786
51168327,-856113
51157234,-844761
51149616,-837474
51137596,-1057554
51137596,-990603
51137565,-876698
51137386,-825489
51136157,-806123
51100402,-869730
51100368,-865889
51100296,-859635
51099681,-825816
51092411,-789758
51084918,-770735
51062385,-769150
51048538,-1003540
51048488,-814228
51048267,-773460
51040164,-771735
51022094,-950381
51021869,-840229
51021511,-826850
51011722,-1075901
51011714,-927566
51010517,-865158
51009685,-843584
51007946,-800637
51000324,-801119
50994747,-802730
50969558,-937026
50969440,-877553
50969207,-865667
50969043,-864517
50966461,-856976
50945274,-868769
