51199729,-513137
51205833,-564604
51207458,-568503
51209426,-571765
51211391,-573738
51246116,-499951
51246505,-528408
51255195,-556175
51264110,-578649
51330104,-840366
51335258,-849868
51338649,-849008
51345668,-846894
51347602,-845855
51360191,-823434
51358200,-775558
51356700,-771591
51355808,-771241
51353973,-771305
51336334,-775853
51325839,-831073
51287273,-557120
51278652,-509817
51267421,-486227
51257575,-472277
51257228,-471887
51248111,-476115
51221786,-564953
51221694,-538664
51221340,-513830
51220161,-510374
