51149681,-527988
51152278,-538056
51166545,-575765
51175544,-577934
51194362,-441909
51194446,-556427
51197814,-579624
51203750,-577610
51219989,-441789
51220027,-492794
51220111,-502140
51263095,-846180
51263286,-853528
51264656,-866609
51268238,-868026
51292480,-868147
51293254,-867024
51305412,-843958
51298316,-806441
51293682,-804984
51259288,-820518
51239719,-480421
51224411,-444332
51219989,-441789
51194950,-552076
51194938,-441517
51194473,-438986
51183528,-443562
51166545,-575765
51165634,-539993
51163295,-515353
