53921154,-1503046
53923564,-1515398
53948860,-1574910
53953815,-1621168
53980239,-1684788
53982780,-1704501
53983886,-1708824
53985115,-1711071
54005756,-1576069
54005832,-1648038
54005851,-1657116
54033191,-1565883
54033317,-1614722
54033367,-1625499
54071887,-1782003
54072269,-1829115
54085971,-1563328
54085998,-1755392
54086017,-1759917
54086139,-1762729
54088478,-1803014
54095748,-1492462
54095878,-1768912
54098289,-1779908
54101436,-1789999
54108058,-1800030
54190261,-1854130
54191043,-1888028
54190261,-1854130
54135211,-1819980
54134750,-1806038
54082057,-1766313
54082042,-1555757
54080703,-1527770
54074981,-1499639
54065620,-1473180
54062274,-1465018
54037204,-1559213
54033901,-1536133
53963340,-1588601
53963054,-1547055
53960445,-1458976
53957721,-1439214
53953960,-1432332
53945228,-1437218
53922126,-1489316
