54093681,-1439967
54096088,-1591602
54096546,-1609488
54100318,-1640771
54102195,-1652560
54107303,-1669342
54120903,-1454762
54120971,-1526594
54122062,-1663669
54122753,-1676715
54130634,-1703848
54146148,-1531604
54146652,-1677250
54146911,-1686831
54150337,-1701916
54154277,-1709743
54173149,-1578925
54173225,-1618003
54217658,-1666161
54217761,-1680606
54218883,-1770649
54226699,-1804903
54251350,-1694957
54254024,-1743516
54257083,-1763131
54282901,-1728209
54287040,-1718873
54269405,-1640377
54263584,-1637326
54241508,-1763542
54240047,-1654059
54235042,-1641566
54203731,-1724988
54202911,-1595931
54200428,-1488667
54183940,-1650726
54183887,-1481301
54171688,-1683212
54171649,-1643355
54132354,-1513884
54132270,-1456863
54131320,-1433568
54130031,-1432989
54129436,-1432767
54127887,-1434043
54111183,-1584830
54110309,-1450159
54109981,-1448772
