51573436,-686147
51574550,-689087
51577243,-695446
51605266,-748636
51605751,-827827
51617034,-889587
51623088,-909952
51634311,-715484
51634319,-776851
51634681,-910209
51635169,-911557
51644748,-934263
51672176,-847343
51672214,-874225
51672229,-881427
51685691,-695225
51685726,-727544
51687416,-869234
51694046,-869343
51705642,-652103
51705757,-707760
51706027,-740242
51706146,-752671
51706634,-776421
51707241,-779487
51740081,-704087
51740280,-808375
51753288,-496174
51753398,-789385
51753585,-911089
51753845,-926612
51755893,-1035774
51758365,-1060048
51766029,-1083017
51779071,-528948
51779102,-1003303
51779193,-1068124
51779552,-1081800
51780296,-1107385
51783435,-1108497
51789817,-509923
51789821,-959004
51791839,-1060817
51809082,-1109239
51819976,-827646
51819980,-1051861
51820205,-1054177
51824943,-1093705
51832733,-816996
51832763,-1014237
51832923,-1086201
51844184,-1091446
51873298,-989094
51875183,-1023914
51893058,-1024966
51901000,-1012454
51894145,-977465
51855766,-1039595
51855464,-1003577
51854930,-966462
51853107,-933255
51849494,-890947
51836734,-805957
51829727,-800690
51829223,-800559
51796443,-998976
51796112,-881338
51785346,-839299
51784854,-499983
51780323,-1081509
51780246,-876816
51773582,-923115
51764175,-439339
51760467,-1057541
51760456,-505557
51760391,-473073
51760345,-472234
51757022,-453931
51748805,-813351
51748790,-471409
51744796,-475685
51718822,-736051
51717376,-679693
51705642,-652103
51701889,-655384
51670181,-734542
51670127,-708991
51669879,-682303
51638683,-915258
51638637,-744553
51638542,-703587
51638519,-693992
51635822,-684475
51629074,-665845
51582111,-657435
51577220,-666817
51573829,-673798
