51682598,-813607
51684009,-829120
51710926,-877274
51725227,-894873
51740528,-734113
51740806,-862645
51742359,-887735
51742847,-889765
51746467,-896180
51750843,-879791
51772411,-766831
51772964,-796225
51775653,-807778
51791660,-672682
51792041,-753609
51792377,-782222
51793388,-809732
51794250,-820380
51854190,-769012
51854949,-819419
51855892,-868734
51863319,-934001
51875709,-955222
51885360,-963701
51890209,-938857
51900398,-848009
51898780,-823648
51874076,-919903
51873931,-769649
51867965,-746080
51865341,-736204
51817573,-782544
51817314,-689875
51816841,-604712
51815101,-496311
51814922,-494559
51805969,-776925
51805774,-641011
51804008,-498099
51803497,-462639
51796772,-792328
51796718,-659874
51795917,-494829
51794876,-453376
51785602,-718963
51785114,-645111
51781795,-443101
51781692,-440287
51781105,-436567
51777698,-427900
51768726,-727599
51768695,-462459
51768501,-444146
51767601,-432527
51765068,-427368
51759510,-418027
51747455,-417463
51746612,-424547
51741130,-846994
51741123,-745422
51740528,-734113
51736412,-713562
51690078,-776954
51686401,-794282
