51944854,-2875139
51944881,-2875241
51952274,-2631963
51956790,-2649591
51962257,-2656074
51968193,-2649188
51995395,-2556951
52001399,-2609712
52006999,-2618806
52035339,-2658732
52045650,-2700645
52049880,-2709023
52050743,-2710641
52053245,-2714560
52053611,-2714945
52055534,-2716317
52056556,-2716771
52093666,-2651154
52093692,-2725205
52116989,-2605082
52118000,-2685568
52121921,-2704645
52129177,-2715014
52154609,-2716694
52177547,-2672239
52140914,-2682646
52139987,-2607030
52131553,-2576791
52122680,-2573318
52094692,-2654016
52094646,-2634966
52094390,-2606075
52091842,-2576395
52084964,-2552358
52070072,-2706133
52069755,-2640623
52069480,-2607765
52068595,-2539843
52054595,-2696366
52054553,-2683371
52027572,-2616496
52022727,-2553150
52021083,-2545509
52007564,-2542226
51984474,-2539122
51974330,-2543353
51969280,-2552128
