51880348,-2733577
51882530,-2757293
51915157,-2671409
51915191,-2734654
51915309,-2816466
51934402,-2907896
51935626,-2990947
51956840,-2835586
51957290,-2989416
51967521,-2740225
51967998,-2993073
51969509,-3013966
51974025,-3035381
51982173,-2682297
51982185,-2847022
51982776,-3018649
51984523,-3029391
51987930,-3041877
51998153,-2782040
51998439,-2942998
51998870,-2974251
52000102,-3006864
52002056,-3020281
52003910,-3031613
52012279,-2714139
52012413,-2978058
52017425,-3020368
52029510,-2734971
52029598,-2995691
52037101,-2689680
52037117,-2726242
52037319,-3007861
52043384,-3045397
52082836,-2965091
52085128,-2936374
52042491,-2696382
52040515,-2676654
52037864,-2672546
52019424,-2800961
52018856,-2647561
52006881,-2976130
52006504,-2675849
52001010,-2639131
51992763,-2948807
51991630,-2664047
51988990,-2624092
51985137,-2619932
51976039,-2977309
51975860,-2729706
51975406,-2649977
51952209,-2751788
51951358,-2659857
51946826,-2656023
51922924,-2750412
51921188,-2671528
51920112,-2669447
51914489,-2668944
51882530,-2757293
