52019954,-3137449
52068370,-3180272
52069484,-3219635
52097713,-3080448
52098114,-3143641
52100357,-3182635
52117904,-3049871
52118755,-3131944
52127742,-3163609
52146930,-3033206
52147327,-3083564
52148105,-3086739
52157363,-3072186
52169193,-2983525
52172855,-2948525
52168743,-2934094
52160083,-2933021
52140975,-3077944
52140949,-2956907
52134021,-2951849
52129474,-2955945
52111877,-3112903
52110652,-2966553
52106750,-2957664
52051982,-3167691
52051578,-3148227
52050331,-3113181
52020610,-3118695
