52048686,-2756454
52055294,-2799794
52087200,-2723786
52087234,-2752728
52087703,-2793500
52089782,-2881767
52093292,-2905163
52099075,-2939950
52105163,-2944927
52120952,-2781573
52122833,-2903336
52123161,-2919177
52130989,-2931040
52152847,-2824124
52153274,-2919680
52154438,-2929512
52158538,-2925841
52167789,-2915578
52200103,-2840801
52191215,-2814535
52148395,-2771692
52145454,-2739096
52144039,-2734381
52128528,-2718612
52108142,-2713203
52072856,-2785212
52072818,-2740667
52072589,-2720747
52071071,-2716595
52060745,-2709995
52053627,-2716535
52052791,-2719496
