52155147,-2717593
52175849,-2774785
52176853,-2921219
52180038,-2938382
52191936,-2716036
52192317,-2912190
52196926,-2921912
52202041,-2927798
52230281,-2690254
52230472,-2825619
52231082,-2921010
52247997,-2751302
52248447,-2908611
52248680,-2923791
52250438,-2969135
52254188,-2976278
52261947,-2677632
52261966,-2754351
52262432,-2869745
52265945,-2881845
52268333,-2886493
52317485,-2881344
52323272,-2867064
52272609,-2825905
52272144,-2643260
52261402,-2881169
52261112,-2751772
52260784,-2696764
52258029,-2651157
52233261,-2738665
52232997,-2637803
52230903,-2599777
52229877,-2581740
52218715,-2890570
52218673,-2739433
52217819,-2644084
52214153,-2608539
52198249,-2796609
52197135,-2712272
52195575,-2659037
52193096,-2630955
52191326,-2616741
52171691,-2721121
52170112,-2709018
52168903,-2705300
