51973430,-2501315
51976062,-2514301
51986053,-2537656
52007343,-2399626
52008354,-2480988
52010059,-2523840
52017662,-2530763
52031490,-2539834
52055404,-2447891
52056228,-2496466
52061012,-2535157
52092750,-2563717
52099433,-2566961
52108818,-2571197
52115360,-2563833
52123222,-2472730
52119232,-2451846
52102264,-2415920
52086372,-2403032
52056228,-2496466
52055404,-2447891
52054206,-2417020
52051517,-2368871
52038715,-2344244
52011543,-2451503
52011180,-2372954
52003807,-2344078
52000804,-2346880
51995223,-2369806
51984832,-2507164
51978649,-2496029
