51828437,-2655796
51868934,-2599901
51868942,-2688367
51871273,-2709347
51880962,-2725001
51889438,-2716738
51898242,-2702650
51917385,-2585542
51917434,-2607672
51917739,-2631594
51918506,-2639427
51922306,-2659941
51925880,-2670186
51937244,-2673295
51940200,-2667957
51958480,-2521797
51959266,-2571040
51959712,-2586006
51972690,-2534758
51973865,-2522879
51943019,-2605326
51942497,-2518237
51941318,-2498367
51938354,-2466770
51934440,-2460589
51930953,-2457879
51910251,-2588299
51910202,-2542551
51909919,-2509024
51906253,-2471901
51894233,-2690294
51894176,-2488021
51893711,-2479021
51886215,-2480307
51867328,-2608289
