58006542,-6750807
58331813,-6636457
58333351,-6669631
58366516,-6507470
58392234,-6484877
58398254,-6476735
58412109,-6455754
58426647,-6429202
58441364,-6392634
58467269,-6315803
58472702,-6328228
58498268,-6239769
58502365,-6263971
58500705,-6252311
58498268,-6239769
58492256,-6230703
58366516,-6507470
58357372,-6513250
58348529,-6524778
58340446,-6669372
58340332,-6202793
58337600,-6206656
58285583,-6749866
58285354,-6304106
58281951,-6282522
58273925,-6295001
58247207,-6398471
58244613,-6163559
58242801,-6159800
58241180,-6165220
58229007,-6406905
58227691,-6169841
58220859,-6747778
58220375,-6227914
58219581,-6225042
58199817,-7013426
58199062,-6225275
58198436,-6329595
58196620,-7015254
58194904,-6222585
58194530,-6217686
58174007,-6608400
58171512,-6474842
58169887,-6570417
58167793,-6912239
58160037,-6894504
58151832,-6502615
58147838,-6418011
58140785,-6868209
58139533,-6433084
58139137,-6428903
58136501,-6410890
58103984,-6491490
58102607,-6415921
58083477,-6391073
58080528,-6612806
58069122,-6387441
58055538,-6609697
58054901,-6445564
58048774,-6429211
58016044,-6528913
