57068588,-7294331
57073314,-7303796
57114479,-7302705
57114871,-7371966
57137630,-7386773
57239990,-7364090
57241176,-7399569
57276428,-7401237
57289039,-7398836
57384830,-7304168
57385601,-7422912
57397312,-7386922
57399593,-7348415
57396900,-7331120
57384830,-7304168
57366237,-7274281
57352977,-7259638
57343696,-7265931
57328929,-7285457
57310924,-7380993
57301445,-7374189
57238876,-7361771
57234931,-7339025
57202438,-7399617
57165290,-7360476
57158218,-7313179
57154361,-7308005
57152938,-7306476
57106636,-7366071
57103672,-7334553
57088302,-7290058
