53576347,112154
53643718,87944
53643962,-55140
53744071,-326560
53744094,-326566
53753044,-43991
53753181,-199184
53754432,-217909
53757102,-229414
53782569,-156094
53797340,-110610
53794330,-98657
53770866,-194527
53769702,-22731
53765880,-10150
53762916,-15813
53731159,-135680
53730949,-30918
53729873,-22462
53718055,-229571
53717952,-169515
53717941,-166333
53717914,-164697
53703567,-32590
53703487,-6610
53678176,43825
53663269,-133184
53660160,113801
53657783,115483
53650272,119313
53642013,112515
53641117,-77100
53625682,126070
53618995,139051
