53800533,-469265
53816005,-544771
53824989,-550734
53840606,-409956
53840766,-439816
53841892,-499994
53847805,-545050
53852031,-561811
53881008,-463603
53882045,-509207
53894996,-580285
53908168,-552881
53908363,-520220
53893478,-283042
53891963,-278062
53873935,-450355
53873809,-381545
53872528,-339719
53866558,-341432
53852031,-561811
53852020,-441191
53851963,-432740
53851875,-420673
53851665,-418294
53822147,-500912
53822040,-482472
53821132,-408309
53820774,-386795
53818641,-369730
53810039,-362967
