53576347,112154
53643718,87944
53643962,-55140
53646564,-91075
53652217,-116907
53674610,-150986
53690494,65702
53690517,-131070
53694953,-173951
53698806,-184388
53708679,-204055
53716777,-448514
53716796,-507403
53720119,-675976
53723377,40105
53723377,-428023
53723392,-507943
53723403,-523477
53723770,-554825
53724956,-575169
53731388,-138884
53731395,-567235
53731403,-578240
53732162,-671111
53737098,-184073
53737163,-494477
53737236,-575921
53738254,-655400
53741928,-731211
53749290,-748415
53752159,-749406
53756328,-203903
53756347,-740666
53756885,-743089
53757419,-742015
53761585,-102800
53761657,-699261
53763721,-761654
53773544,-423099
53773838,-598187
53774555,-669803
53775714,-733820
53780395,-255163
53780467,-647837
53780811,-653281
53783889,-673807
53795356,-448303
53795894,-607245
53802104,-253396
53817028,-384265
53817611,-492795
53820655,-530072
53824989,-550734
53830108,-115150
53830295,-439400
53833202,-486598
53847805,-545050
53852031,-561811
53861591,-288100
53861873,-380363
53862541,-451901
53863166,-502609
53868621,-548603
53869564,-547217
53877880,-137222
53877910,-458878
53878002,-516044
53878517,-558392
53885589,-150345
53885616,-511012
53891056,-552498
53894996,-580285
53896266,-552104
53902870,-232435
53904685,-527504
53904747,-529344
53908168,-552881
53913558,-172892
53914035,-183651
53919898,-265172
53921077,-260266
53927459,-213698
53925876,-169811
53916030,-162445
53914337,-161560
53895523,-533000
53895240,-242848
53894355,-159226
53888969,-149115
53878520,-456544
53878498,-177873
53877880,-137222
53876361,-135448
53875694,-137182
53868621,-548603
53868511,-289810
53868396,-199166
53868392,-197736
53866371,-133024
53866085,-131696
53863395,-127234
53855583,-422281
53855373,-285130
53854393,-181796
53844356,-412185
53844276,-184058
53842449,-110949
53835140,-430922
53835048,-278059
53834838,-98270
53827800,-431455
53827400,-112734
53827171,-83008
53821193,-479072
53821132,-408309
53820598,-226585
53819046,-146471
53816196,-126273
53806945,-428011
53806171,-152264
53804973,-90364
53797763,-406901
53797340,-110610
53794330,-98657
53765266,-622066
53765232,-116252
53764785,-45872
53762916,-15813
53758674,-607475
53758670,-449762
53758613,-199149
53758605,-198178
53756938,-49286
53756614,-42611
53750785,-430230
53750732,-45539
53747013,10827
53739971,-347875
53739959,-185512
53739311,15523
53738105,22895
53736137,27774
53734924,29891
53733280,31867
53727951,-433506
53727951,36946
53727085,38738
53725227,40649
53718509,-429765
53718479,-169886
53718105,45624
53692131,76491
53673130,-111697
53672256,-23528
53669502,31952
53660160,113801
53657783,115483
53650272,119313
53642013,112515
53641117,-77100
53625682,126070
53618995,139051
