51990150,1394815
52034595,1453297
52035781,1330373
52036094,1313537
52040023,1306769
52058715,1441034
52059040,1374215
52059898,1301453
52069980,1271534
52070339,1271283
52075286,1270258
52079471,1276389
52094085,1536606
52094104,1301731
52095001,1298979
52097801,1297945
52099658,1298009
52100769,1299215
52104084,1307041
52114856,1542766
52115055,1380858
52115169,1333691
52115459,1319571
52119594,1333964
52134597,1541966
52134883,1410687
52136631,1401027
52156452,1429782
52170684,1452689
52166873,1474495
52154560,1525478
52137836,1567687
52132411,1568014
52115978,1383543
52115947,1516042
52114856,1542766
52097991,1320215
52097888,1532526
52097526,1534089
52097023,1535539
52096687,1536505
52092185,1541523
52075469,1283149
52075405,1453768
52072925,1470927
52064697,1474462
52039928,1313034
52039817,1398101
52039768,1412186
52034595,1453297
51996059,1410840
51991165,1403723
