52073623,1260460
52074485,1251079
52075061,1246873
52078689,1243837
52108364,1227704
52129089,1218915
52139278,1230218
52146015,1238002
52168704,1359280
52168838,1275862
52173034,1244836
52202297,1319925
52203235,1281599
52207588,1261160
52215126,1244904
52255989,1221830
52272392,1386274
52273147,1238865
52280014,1235891
52288692,1257761
52313793,1343385
52317398,1340530
52315765,1362877
52306148,1376233
52281345,1266489
52280300,1343266
52277969,1389090
52268672,1408303
52263748,1411825
52261669,1412809
52236431,1327557
52236106,1368450
52235717,1411958
52228630,1408924
52207714,1274917
52207633,1363614
52204231,1384451
52198234,1407430
52180412,1262725
52179878,1332943
52178497,1442599
52172161,1444275
52148506,1352661
52148288,1374436
52144893,1417198
52141689,1425958
52129676,1222114
52129344,1313925
52128650,1348091
52128284,1355481
52126976,1360732
52122642,1361538
52118747,1356153
52112422,1346795
52088127,1248684
52087703,1286422
52077098,1270391
