52121387,995292
52131488,950392
52162441,898288
52171020,1200821
52171287,1016069
52171989,963882
52172782,940049
52175003,910105
52181732,905556
52191627,1157477
52191665,984244
52218917,932847
52225364,927575
52230175,926486
52290908,973535
52294326,979499
52298809,989423
52298809,996830
52298667,1009480
52263904,1032760
52263374,1095824
52262897,1113893
52262180,1122696
52254486,1207666
52246250,1222676
52227195,1243780
52216068,973055
52215625,1107816
52215133,1158106
52213562,1212656
52208606,1227489
52203662,1237246
52193889,1012067
52193885,1117143
52193531,1218991
52190555,1248381
52176269,1017400
52175510,1176831
52174842,1222907
52174198,1230015
52167175,1211953
52156234,986962
52155536,1181738
52145935,947474
52145557,1006931
52144561,1012331
52142856,1018911
