52162681,1495764
52163177,1494289
52183994,1441634
52202545,1408902
52206260,1405220
52216178,1402815
52241271,1507137
52241535,1444550
52242076,1419157
52242229,1418172
52246387,1394183
52265670,1571501
52266029,1453150
52266540,1424398
52277698,1627049
52278003,1446974
52284599,1436614
52289215,1430096
52291183,1439706
52313018,1561006
52310760,1571230
52264759,1512188
52264438,1573806
52261737,1627241
52252700,1627074
52248939,1607203
52231288,1426764
52231281,1496979
52230133,1521214
52203758,1423268
52203182,1490750
52202075,1549837
52196517,1567398
52169639,1568054
52167217,1567523
