52285335,1415201
52295249,1399520
52320228,1522747
52322048,1393954
52322498,1374396
52324745,1363661
52333721,1362757
52358478,1477151
52358608,1416592
52359790,1404902
52378829,1519433
52379482,1399539
52381637,1389270
52384700,1385065
52397365,1424014
52367191,1493337
52366851,1557375
52365570,1574287
52360187,1569635
52340827,1379405
52340793,1499096
52340744,1525305
52340015,1548712
52330974,1602693
52326255,1609957
52314277,1394111
52313602,1520606
52312393,1598863
52306194,1614330
52299728,1597380
52291870,1516167
