51938888,1321019
51999145,1292067
52005424,1239393
52008571,1216272
52021427,1180792
52063217,1134223
52063392,1120650
52064029,1114058
52065975,1112673
52086181,1248995
52086383,1147468
52086475,1132291
52086620,1122359
52087299,1110015
52106418,1457213
52106445,1343134
52106563,1249586
52108364,1227704
52133628,1316962
52133640,1242920
52133747,981860
52134220,952955
52137836,1567687
52137947,1359190
52138858,1234168
52143165,949469
52144435,948413
52145935,947474
52149406,1600006
52149417,1365625
52149639,956842
52153491,1601817
52153514,1363317
52154739,949899
52158428,1591214
52158515,1386244
52158767,987525
52159099,958536
52162441,898288
52169349,1404767
52169418,937372
52170745,899721
52181213,1548379
52181274,1001958
52181587,917295
52181732,905556
52183990,914672
52188350,1447620
52188358,976312
52188426,932273
52193088,1557302
52193111,989990
52193294,932286
52194332,926325
52195075,928276
52199157,1484846
52199226,1020785
52199359,981994
52199649,938456
52199802,917830
52204715,1425318
52204788,1124786
52204906,945464
52205047,930454
52206722,919117
52216285,1234372
52216289,971868
52218917,932847
52223278,1471754
52223304,1132404
52223350,1017430
52223556,933416
52225364,927575
52230182,1488333
52230194,1022698
52232498,937976
52233940,932344
52237670,1569646
52246887,949832
52247840,943414
52254188,1342063
52254295,1102417
52254795,1079209
52256183,1021359
52257232,989862
52258945,985024
52263568,1573106
52263713,1015232
52263721,998083
52266895,979593
52270256,973969
52273242,975753
52277801,1632542
52277969,1389090
52278491,1016787
52280254,978628
52287689,1298650
52288021,1025594
52290908,973535
52294326,979499
52308864,1467022
52310245,1336191
52310882,1334919
52324893,1679184
52325084,1392971
52326103,1389145
52333721,1362757
52358478,1477151
52358608,1416592
52359790,1404902
52378829,1519433
52379482,1399539
52381637,1389270
52384700,1385065
52397365,1424014
52367191,1493337
52366851,1557375
52365570,1574287
52352432,1654309
52344177,1688332
52330722,1684983
52324195,1680487
52315483,1673731
52312534,1660601
52296321,1406027
52295608,1576962
52293800,1629745
52292522,1627645
52288021,1025594
52287597,1392011
52286991,1539101
52284889,1591381
52278381,1632912
52277801,1632542
52273925,1627268
52273063,1626068
52272895,1625116
52268684,1017841
52268672,1408303
52268505,1612457
52268310,1624933
52264984,1627784
52242355,1302669
52242229,1418172
52242042,1547315
52240436,1571644
52239429,1586050
52239143,1589954
52215774,1054574
52215759,1537135
52214923,1619863
52207572,1621021
52203670,986103
52203662,1616194
52200843,1620504
52196517,956895
52196495,1375755
52196426,1484062
52196048,1578075
52193641,1621044
52191184,1607555
52187438,994848
52187431,1579022
52185455,1604896
52183467,1618388
52181812,1618297
52176059,1006605
52176002,1344562
52175693,1479572
52174449,1558798
52173824,1584146
52172931,1587556
52161144,965618
52160877,1586731
52160858,1590050
52160469,1595050
52159023,1602392
52158775,1603454
52154941,1602925
52139194,1382248
52137836,1567687
52132411,1568014
52121929,1354054
52121639,1525083
52119335,1546409
52116172,1549415
52107746,1284101
52107517,1457823
52106189,1515376
52103614,1528757
52084812,1378584
52084465,1435673
52081508,1483038
52072914,1121723
52072879,1276913
52072792,1404927
52072513,1469931
52064292,1152276
52064254,1379424
52061550,1440070
52058094,1450646
52055698,1455656
52039928,1313034
52039817,1398101
52039768,1412186
52034595,1453297
52032348,1450178
52022781,1196444
52022586,1415441
52022087,1415811
52012138,1420081
52008106,1421610
51996059,1410840
51966709,1335541
51966693,1364851
51966259,1369959
51964992,1369616
