52290878,1249297
52294113,1234953
52304443,1204075
52311447,1197905
52317596,1196998
52334335,1345867
52334571,1105304
52338375,1090786
52348728,1319857
52348884,1123978
52352802,1110611
52373744,1298378
52373943,1156883
52376663,1109214
52395915,1229933
52395969,1185595
52396045,1178029
52402866,1161831
52405471,1157635
52407382,1161845
52431327,1256345
52432308,1224943
52432479,1222823
52435371,1215397
52441909,1214460
52459423,1232801
52453433,1258595
52448696,1273554
52439331,1274610
52406044,1196806
52405277,1248440
52404346,1255709
52388496,1300904
52383800,1309947
52356113,1198443
52355468,1332005
52352748,1361984
52342994,1119503
52342464,1286341
52341876,1360646
52336559,1357481
52330932,1353899
52315498,1203392
52315444,1298253
52313968,1316337
52312507,1321241
52293815,1303756
52291366,1283274
