52305271,985208
52318477,928251
52328521,916066
52375236,1096388
52375373,956374
52376182,915757
52381362,876122
52393421,870762
52401035,877888
52413990,1095677
52414379,991193
52415393,980304
52418148,958001
52432487,1081407
52435859,1074771
52448829,1075115
52454841,1075991
52453136,1086161
52421218,1108511
52419689,1153606
52405635,1152205
52397315,1148084
52378898,931848
52378898,1084095
52378887,1109106
52378871,1121582
52376071,1126557
52374130,1127860
52372810,1128486
52368827,1128734
52368034,1128722
52367393,1128147
52316074,1008519
52311801,1010342
52311145,1008889
52309677,1004153
