52030715,1149024
52031429,1129008
52035869,1113731
52037441,1110237
52046394,1104937
52054256,1110719
52117500,681486
52119098,644447
52133586,622040
52166484,585250
52181789,747207
52182052,633976
52183265,609250
52185398,593311
52187614,589095
52222465,669094
52224685,569155
52242729,544093
52263072,658563
52263660,626793
52265186,559256
52280548,1071523
52280776,654740
52281623,557699
52289096,513725
52295661,1085169
52296070,580692
52297145,482398
52315223,1077872
52315242,680706
52316116,542784
52316589,503075
52317169,466895
52318634,443703
52321166,438603
52322235,440540
52323909,448925
52327835,1087702
52327960,592001
52328308,516902
52330596,472412
52337173,912070
52337409,534889
52337631,501842
52340652,455884
52344657,1107789
52344673,509742
52347286,464008
52349811,446568
52352748,1253116
52352783,520437
52353019,456202
52356468,1255622
52356613,729651
52356750,454941
52356918,433860
52357543,420427
52361846,1004951
52362747,459724
52364185,411448
52367557,1125735
52367729,498269
52368316,467705
52373897,923082
52374027,474206
52374206,467031
52375232,445255
52378189,1257736
52378280,502406
52378456,471882
52382488,1081581
52382492,739360
52382530,501294
52383029,415502
52383892,396519
52390419,903066
52390472,532065
52390987,386820
52394721,998580
52395034,551127
52395683,408946
52396179,418807
52398845,1297664
52398864,825099
52398895,439919
52400272,438212
52404037,1301676
52404098,726833
52404289,501349
52407012,1302597
52407012,531366
52407054,527082
52409450,441722
52412887,1096556
52412902,529806
52414054,406080
52419689,1153606
52419692,515472
52421264,433108
52423381,421488
52425312,521382
52428394,1340141
52428409,753741
52428470,456307
52431186,1290971
52431240,1096789
52441104,533627
52442531,464711
52443527,448286
52446994,1100509
52447013,635074
52447048,623287
52447246,597206
52447753,533819
52456317,1315946
52456531,664465
52456657,525292
52465850,824735
52465900,548760
52466701,505402
52472873,862983
52490016,523256
52496028,475335
52499416,466508
52534900,557018
52535671,501115
52541690,486871
52548496,820203
52548736,764266
52551818,669100
52555854,608295
52559169,598237
52564662,607666
52578643,804469
52579132,701168
52585102,669055
52598022,884526
52598209,786239
52598796,780843
52599246,776961
52599918,772082
52616519,910313
52617351,782890
52617485,782278
52629730,766725
52638633,772342
52653018,841982
52655113,860942
52623714,907702
52622505,942776
52614929,956274
52595138,846252
52593029,953987
52585102,669055
52585083,876412
52577854,886981
52562202,904899
52540557,589158
52536457,845706
52535213,856824
52528846,848979
52524299,831641
52512279,657254
52502273,685326
52497966,876451
52494480,884533
52486881,523887
52486827,679627
52473846,831860
52473720,846063
52472873,862983
52469131,879959
52459743,623910
52459423,1232801
52459232,1348528
52454879,618057
52454841,1075991
52453254,1338505
52451030,1368131
52447368,641203
52447338,1229089
52446502,1352065
52445190,1364138
52438884,1367322
52434406,663070
52434352,1335500
52432701,1360155
52428470,456307
52428421,1230942
52428394,1340141
52423713,759553
52423713,1244205
52422874,1363894
52420158,524015
52420093,1248265
52419635,1359116
52415489,763172
52415470,1352283
52412849,1403064
52408325,741873
52408237,972028
52407714,1305679
52406974,1379933
52401958,770735
52401935,1307540
52401565,1412811
52394683,1078815
52394596,1191142
52394351,1294770
52392181,1354251
52390968,1369095
52379318,757929
52379287,1109898
52379234,1297215
52375782,1365043
52374275,1373143
52371421,495935
52371364,1368094
52370182,1388950
52367885,1373666
52364551,514189
52364494,1279750
52363563,1378193
52360198,457805
52360183,804401
52360153,1003229
52360092,1276780
52359809,1381104
52353878,974267
52353240,1318163
52352748,1361984
52349620,526998
52349609,1217668
52348995,1348158
52341873,1002464
52341796,1134356
52341274,1201776
52340610,1278406
52336071,481143
52335990,991711
52335159,1321063
52334335,1345867
52330860,681563
52330757,1188611
52330589,1263586
52330177,1342111
52318477,928251
52318462,1276533
52318336,1282394
52316085,1324583
52312316,551046
52312316,1156920
52311206,1299696
52307514,500099
52307502,1030078
52307460,1218971
52305427,1301540
52302371,491125
52302360,667796
52302322,1040609
52302047,1285429
52300338,1308627
52297145,482398
52297130,1023998
52297103,1181483
52296649,1290882
52293815,1303756
52291366,1283274
52287040,673151
52286914,1178830
52284862,1206871
52283000,1216972
52282802,1217661
52276588,707268
52276176,1071924
52275691,1142458
52274883,1192044
52273708,1217442
52265953,643199
52265808,1183095
52264526,1211573
52263370,1214140
52258556,636618
52258483,1193928
52257476,1203500
52254631,599122
52252067,641332
52224628,699346
52220897,728302
52216903,735197
52194004,615496
52193935,721264
52190929,741230
52182884,749293
52173969,756305
52151782,657670
52150985,741128
52150859,745272
52149120,746700
52143554,745480
52138046,742935
52121330,724274
52114845,665653
52053539,1139749
52052639,1146582
52051570,1154574
52050239,1157778
52048095,1159902
52031009,1152820
