52115444,1084506
52133747,809734
52137596,759539
52143302,753914
52148708,755388
52179271,844641
52180049,794776
52181518,772310
52192203,745127
52199031,743865
52212661,916571
52212863,836642
52215984,744252
52223205,742554
52226425,746624
52241386,916851
52241611,796447
52242378,772159
52250404,791666
52254196,957202
52238842,775457
52238628,912410
52238574,914441
52238418,918357
52236312,921646
52211349,747128
52211025,867722
52209671,916983
52196838,922816
52172225,828194
52169029,886924
52163658,880555
52143302,753914
52142139,790076
52139446,828625
