52240356,824332
52249996,760388
52262489,712740
52269336,711003
52271247,711853
52290847,837547
52291107,728216
52292148,714993
52302627,932584
52302658,841545
52303028,719003
52303226,716536
52303794,715397
52319530,883057
52319892,810143
52323398,738275
52328651,725375
52338710,719372
52339927,719811
52345821,725099
52360473,872473
52363754,852590
52374168,852115
52379096,859545
52356933,893247
52353546,892879
52332065,783054
52331642,870251
52331233,883304
52321426,924082
52304039,723481
52303958,955955
52303722,972575
52291465,779143
52290847,837547
52287303,912111
52286258,922513
52282741,944646
52274627,953634
52261344,774664
52261066,863931
52260910,898890
52260066,955026
52244270,874012
