52025085,1177145
52037937,1160235
52137458,837298
52137596,759539
52143302,753914
52148708,755388
52179271,844641
52180049,794776
52181518,772310
52192203,745127
52199031,743865
52212661,916571
52212863,836642
52215984,744252
52228111,705605
52233093,692155
52242782,667545
52248195,665833
52249107,666108
52260486,896430
52260524,703798
52260532,699621
52260589,695946
52260944,694150
52261756,692881
52268047,699194
52289844,828420
52290184,720694
52292148,714993
52302627,932584
52302658,841545
52303028,719003
52303226,716536
52303794,715397
52319530,883057
52319892,810143
52323398,738275
52328651,725375
52338710,719372
52339927,719811
52345821,725099
52360473,872473
52363754,852590
52374168,852115
52379096,859545
52356933,893247
52353546,892879
52332065,783054
52331642,870251
52331233,883304
52321426,924082
52304039,723481
52303958,955955
52303722,972575
52291465,779143
52290847,837547
52287303,912111
52286258,922513
52282741,944646
52274627,953634
52261344,774664
52261066,863931
52260910,898890
52260066,955026
52254196,957202
52245471,697154
52245464,714660
52245437,748091
52244979,820026
52244075,920793
52236312,921646
52211349,747128
52211025,867722
52209671,916983
52196838,922816
52172225,828194
52169029,886924
52163658,880555
52143302,753914
52142139,790076
52139446,828625
52115444,1084506
52053108,1181354
52052722,1196861
52052570,1199155
52051109,1203544
52050079,1205994
52048336,1209239
52038791,1220543
52032749,1223141
52029430,1222392
52027999,1220510
52026454,1214434
