52052639,1146582
52085910,1233747
52085910,1165801
52094963,1110767
52124885,1190366
52124992,1101049
52125709,1004884
52130500,1007963
52144447,1208855
52144565,1063524
52147056,1028391
52163169,1237273
52163330,1061480
52163520,1038679
52164367,1035387
52167293,1028274
52172458,1017740
52184917,1038324
52181922,1131026
52180919,1156894
52162391,1010860
52161476,1235030
52160343,1248645
52148323,1054700
52148254,1114348
52147632,1193236
52147525,1194529
52144874,1220610
52142215,1222800
52116085,1126449
52116073,1216500
52099411,1231658
52085201,1235288
52084384,1235214
52081703,1231370
