51999279,981012
52000625,960702
52003448,937792
52006408,924375
52031581,1012820
52032100,947501
52032852,917075
52041206,881597
52074752,951245
52074909,924868
52075584,866750
52078311,847293
52079681,846490
52103256,954399
52103965,870820
52108688,864141
52111675,861047
52116451,857291
52138755,851017
52141368,851622
52156673,860876
52079696,997376
52079372,1000508
52078983,1002284
52073001,1008414
52045028,896833
52044750,953541
52044700,961588
52044448,966896
52039718,1011529
52031581,1012820
52002670,990563
