57265319,-4087341
57507106,-4301310
57508552,-4300834
57527076,-3926643
57527137,-4315451
57528350,-4328691
57530666,-4253081
57562145,-4570400
57562732,-3755649
57566295,-3814437
57570251,-3818581
57570800,-4570308
57572456,-4698162
57573741,-4630363
57576313,-3895295
57576976,-4548446
57578598,-4606913
57579284,-4596602
57582180,-3854619
57582233,-4133467
57582397,-4546098
57582660,-4553522
57587699,-4118479
57587745,-4536299
57587791,-4542861
57589157,-4638454
57651676,-4089994
57656124,-4320910
57658458,-4390789
57672023,-4400503
57681045,-4033986
57690845,-4179244
57690883,-4269700
57692413,-4295384
57717815,-4189883
57719257,-4273810
57725589,-4344730
57857223,-4221471
57793796,-4057776
57792240,-4004572
57767967,-4489648
57761142,-4070089
57759735,-4012555
57739471,-4325282
57738670,-4082279
57735301,-3996868
57725589,-4344730
57725147,-4109429
57722637,-4007000
57718078,-4008847
57689102,-4267860
57688926,-4159685
57682689,-4036930
57682563,-4035519
57682132,-4032957
57679130,-4025124
57615444,-4458641
57613765,-4171212
57611190,-4112681
57590953,-4435869
57590705,-3858400
57589359,-3839293
57527938,-3816590
57501068,-4240941
57501029,-3765268
57497287,-3721365
