57927505,-4401487
57970542,-4679883
57975627,-4781563
58011161,-4397229
58015228,-4436460
58059513,-4843612
58062225,-4418113
58065177,-4425790
58242908,-5200503
58243133,-5238977
58250373,-5217679
58262058,-5033762
58262454,-5035330
58328613,-5146967
58347476,-5164784
58443649,-4996006
58542541,-4441776
58549282,-4663090
58553592,-4783229
58554080,-4785005
58570945,-4824358
58575771,-4764277
58542541,-4441776
58537082,-4785701
58494117,-4366301
58491821,-4420886
58486309,-5095152
58482151,-4411198
58479770,-5073986
58476329,-4418621
58475978,-4417344
58474460,-4415970
58468502,-4689834
58464134,-4422223
58460956,-5034957
58455238,-5019045
58438842,-4479478
58428703,-5002848
58424816,-4985419
58384716,-4365022
58361621,-4986131
58282127,-4821646
58275428,-4410190
58251449,-5078997
58250289,-5011208
58239097,-5343785
58237449,-5176169
58226966,-5352610
58223403,-5315935
58218387,-4491750
58217453,-5354539
58207809,-5338763
58186573,-4511979
58175117,-5138503
58171405,-4698370
58171146,-5277774
58159442,-5232040
58150192,-5233939
58028118,-4402311
58019512,-4367650
57975627,-4781563
57967647,-4400917
57964157,-4511290
57942279,-4412873
