57186393,-4535942
57407234,-4327189
57409290,-4299747
57413745,-4147684
57436874,-4219701
57440406,-4248592
57449203,-4258684
57471965,-4161640
57529582,-4043313
57529884,-5531822
57529987,-5537238
57530498,-3979222
57532474,-4091117
57539451,-4086538
57541492,-4070564
57543296,-4014706
57543849,-5506317
57546810,-5513020
57550811,-5460264
57552276,-5338852
57553092,-4050230
57554573,-3967274
57556304,-5603112
57557518,-5628154
57574802,-3978015
57574863,-4040182
57604705,-5300449
57605484,-5299425
57647865,-4985395
57689281,-5681468
57693470,-4767575
57696975,-5729633
57697193,-5770829
57714488,-5680905
57724170,-5688578
57727577,-4771508
57732196,-5731666
57732418,-5759018
57762641,-5796242
57770790,-3954168
57774749,-3965430
57790092,-3985812
57792900,-3897521
57803623,-5064930
57805343,-3942487
57806140,-5670509
57806392,-5801517
57811809,-3859545
57812007,-5669944
57814651,-5803937
57819534,-5062121
57820377,-5668404
57856719,-4305096
57857135,-5492167
57857975,-5623002
57858814,-4135113
57859886,-5086341
57860374,-5502753
57861518,-5634305
57871463,-5340260
57872020,-5439204
57873428,-5260929
57879615,-4173248
57879913,-5352973
57881210,-5563424
57882244,-5550936
57886863,-5180438
57887142,-5135996
57889728,-4214366
57890224,-5133446
57890758,-5130809
57893062,-4343564
57895854,-5162632
57919269,-4086680
57923076,-5173879
57923412,-5212372
57935905,-4297773
57960056,-5151107
57962505,-4108701
57967647,-4400917
57969230,-5121995
57970542,-4679883
57979423,-4145212
57979911,-4570902
57982589,-4588993
57985343,-4415837
57987785,-4154509
58000968,-4223230
58223403,-5315935
58438842,-4479478
58443649,-4996006
58542541,-4441776
58549282,-4663090
58553592,-4783229
58554080,-4785005
58570945,-4824358
58575771,-4764277
58542541,-4441776
58537082,-4785701
58494117,-4366301
58491821,-4420886
58486309,-5095152
58482151,-4411198
58479770,-5073986
58476329,-4418621
58475978,-4417344
58474460,-4415970
58468502,-4689834
58464134,-4422223
58460956,-5034957
58455238,-5019045
58438842,-4479478
58428703,-5002848
58424816,-4985419
58384716,-4365022
58361621,-4986131
58282127,-4821646
58275428,-4410190
58251449,-5078997
58250289,-5011208
58239097,-5343785
58237449,-5176169
58226966,-5352610
58223403,-5315935
58218387,-4491750
58217453,-5354539
58207809,-5338763
58186573,-4511979
58175117,-5138503
58171405,-4698370
58171146,-5277774
58159442,-5232040
58150192,-5233939
58068752,-5265272
58065258,-5378691
58065177,-4425790
58063140,-4078066
58056163,-5414934
58055778,-4949204
58051719,-4214114
58047809,-4147717
58026351,-4114643
58021423,-5346262
58020393,-4406551
58019512,-4367650
58003486,-4397308
57991458,-4163036
57991260,-4162466
57910781,-4103459
57910140,-4002444
57910037,-3998624
57907321,-3996650
57906620,-4015920
57899944,-4382120
57898376,-4019642
57895854,-5162632
57895755,-4347992
57895648,-4311688
57894744,-4043885
57890758,-5130809
57890411,-4352173
57890270,-4084931
57889450,-4022161
57886863,-5180438
57886520,-4063645
57885421,-4017364
57881210,-5563424
57881130,-4029115
57881076,-4025520
57807918,-5068242
57807773,-3876236
57803936,-3872637
57803623,-5064930
57800731,-3956207
57795021,-3938467
57794116,-5048353
57791893,-3927885
57790702,-5571843
57766128,-3896133
57765659,-3895823
57763530,-3896871
57762840,-3898667
57762641,-5796242
57761497,-5782247
57756771,-3910820
57756019,-3910595
57755802,-3910718
57739486,-3967682
57738624,-3975212
57722415,-5686567
57714309,-5670001
57701770,-5671938
57693634,-5697088
57693470,-4767575
57692855,-5719942
57690036,-5687067
57689281,-5681468
57685405,-5781335
57685379,-4684239
57685169,-4683134
57675582,-5784926
57647865,-4985395
57632289,-4749831
57622905,-4683797
57601562,-5305030
57584270,-4071137
57582626,-4051724
57574802,-3978015
57554573,-3967274
57553092,-4050230
57519634,-4009409
57507255,-4005240
57489181,-4127768
57488571,-4106292
57485935,-4060344
57479618,-4051548
57470420,-4048664
57455497,-4202026
57455486,-4191289
57452087,-4094693
57446163,-4120119
57428634,-4282504
57428081,-4127934
57424671,-4108180
57396125,-4184864
57390491,-4175409
57357769,-4196999
57349479,-4353852
57329280,-4274177
57279861,-4459945
57271339,-4387162
57252300,-4491526
57220035,-4472072
57191555,-4497711
