57574836,-3338325
57576892,-3380927
57597747,-3436048
57600502,-3437277
57623802,-3298870
57624614,-3378384
57626197,-3408435
57640197,-3238765
57640254,-3291550
57640438,-3329030
57641532,-3451765
57646308,-3463918
57654502,-3481493
57671455,-3344919
57671600,-3370761
57673267,-3437105
57673770,-3454764
57702110,-3495536
57702819,-3495716
57703189,-3493078
57710220,-3435430
57718482,-3355564
57685016,-3456959
57683971,-3389309
57682315,-3335578
57654270,-3286870
57653244,-3225837
57649875,-3193686
57648822,-3184422
57631530,-3328973
57631332,-3200497
57629985,-3171615
57607044,-3290724
57606452,-3261917
57604255,-3216707
57576564,-3318139
