57379199,-4391293
57473606,-4267645
57473800,-4371353
57530590,-3603013
57535003,-3660469
57550285,-3463707
57552936,-3522740
57560325,-3680294
57562339,-3692355
57566520,-3706894
57576892,-3380927
57578575,-3558446
57585292,-3139419
57586833,-3578287
57587936,-3689579
57591499,-3709222
57600101,-3720868
57615169,-3098120
57621280,-3660285
57621955,-3679120
57631530,-3328973
57632015,-3557888
57633567,-3573916
57648021,-3335860
57648475,-3520992
57651744,-3591612
57653839,-3600200
57654743,-3603257
57656539,-3606906
57660636,-3613826
57661300,-3613352
57662410,-3610753
57685970,-3303693
57690826,-3386931
57697727,-3488023
57702110,-3495536
57702819,-3495716
57703189,-3493078
57710220,-3435430
57721481,-3340764
57724308,-3289037
57724094,-3285254
57723503,-3279757
57667724,-3189780
57666652,-3113523
57666507,-3105986
57662555,-3073857
57659961,-3053417
57617835,-3522072
57617740,-3356142
57617034,-3132980
57616771,-3100964
57613529,-3075825
57609336,-3611869
57609310,-3291256
57609272,-3097254
57608928,-3093848
57607646,-3088002
57604957,-3094823
57601577,-3105240
57597175,-3626507
57597156,-3417769
57596405,-3279387
57586833,-3578287
57586528,-3293894
57585292,-3139419
57573883,-3615154
57569240,-3497555
57559581,-3445008
57550285,-3463707
57548419,-3163849
57545631,-3139533
57516948,-3653504
57514530,-3643260
57477672,-4323278
57477577,-4232062
57477371,-4229530
57476516,-4228411
57475963,-4228177
57475292,-4228153
57468273,-4231227
57462078,-4237569
57462039,-4237634
