57018348,-6017872
57154190,-6094878
57156742,-5803143
57208194,-5992763
57209297,-6290095
57302005,-6354578
57307746,-6365239
57438320,-4492822
57438491,-4509841
57443843,-4559542
57461505,-4552406
57469207,-4543888
57502635,-4472963
57501255,-4451704
57479419,-4434776
57457321,-6012229
57446590,-4499396
57442661,-4484962
57429904,-4449477
57414222,-4459670
57411510,-4480553
57410892,-5130539
57386215,-4695972
57368125,-6080577
57357791,-4810871
57354316,-6078543
57348934,-6007150
57345123,-4767695
57345005,-4757180
57344345,-4756149
57307746,-6365239
57305446,-6238113
57305152,-4811633
57304840,-4812057
57292045,-5645291
57290985,-5493175
57280445,-5715889
57279987,-5515487
57279655,-5514130
57233547,-5884358
57233539,-5422752
57233375,-5375593
57216827,-5941816
57212615,-5621673
57212295,-5620995
57183101,-6058073
57156742,-5803143
57154663,-5800199
57145435,-5799500
57132301,-5806469
57066287,-5898981
57062255,-5903228
57043903,-5928782
57033550,-5964515
