57318977,-5649705
57334606,-5670557
57339542,-5650899
57349872,-6391127
57352382,-6449065
57361309,-6142703
57362773,-6456617
57362857,-5509992
57366382,-6149816
57380672,-6263737
57382118,-6470875
57383277,-6512684
57384498,-6519513
57425476,-6188469
57431236,-4415412
57432144,-5816287
57438789,-6584381
57445377,-4414578
57446342,-6650094
57447128,-6706572
57447662,-6743165
57448547,-6707389
57451156,-6288384
57451274,-4398498
57452575,-6752881
57453956,-4430632
57462909,-6675337
57467754,-4414454
57469127,-6432206
57469947,-6434425
57472225,-4386428
57474128,-4426851
57477737,-4407473
57498691,-6417603
57540695,-5711410
57540824,-5984896
57542396,-6322045
57544830,-6568961
57545394,-6614634
57552307,-6639757
57563003,-6370210
57570220,-5786656
57577304,-6168747
57583282,-6359301
57586196,-6376714
57589389,-6379509
57630111,-6205267
57631084,-6250360
57653266,-6358613
57657711,-6377520
57687519,-6292101
57688755,-6318246
57602092,-6216848
57596004,-6161612
57485973,-6430860
57484867,-6281737
57480587,-6298818
57480056,-4409644
57479957,-4407269
57477783,-4395665
57472225,-4386428
57471698,-4421085
57469127,-6432206
57467227,-6305241
57460964,-6309142
57459171,-4405668
57458560,-4444309
57457569,-6327047
57454078,-6296602
57445144,-6722583
57444858,-5813166
57444709,-6688542
57442180,-4417168
57442035,-4418962
57412445,-5813935
57406375,-5480480
57406311,-5479657
57404796,-5479830
57395843,-5503108
57395366,-5505327
57394390,-6190079
57388290,-6194662
57381320,-6201223
57380302,-5803534
57379512,-5826848
57376552,-6461455
57368473,-6379671
57362857,-5509992
57361824,-5552868
57359825,-6407080
57352249,-6132513
57352245,-5554199
57351589,-5549113
