55227455,-4484849
55263717,-4522437
55268238,-4603311
55288982,-4689949
55292011,-4712428
55297813,-4731424
55313934,-4587739
55315589,-4756581
55316429,-4766381
55324466,-4785703
55340320,-4643741
55340568,-4694550
55342922,-4808057
55346397,-4802656
55354694,-4789326
55391071,-4181297
55391365,-4644075
55392684,-4664488
55394996,-4692694
55398399,-4686765
55402481,-4177519
55420299,-4235987
55421115,-4418950
55428382,-4431392
55451969,-4278217
55452400,-4406299
55533275,-4634703
55533405,-4649168
55533630,-4651288
55541744,-4674916
55546352,-4684498
55547645,-4684482
55548049,-4684207
55576789,-4511988
55576930,-4649463
55590251,-4483407
55590282,-4493969
55590366,-4506110
55595291,-4638795
55598022,-4675750
55606674,-4297216
55606678,-4625476
55607082,-4664295
55607395,-4681736
55607540,-4682873
55607757,-4684397
55680915,-4634666
55680923,-4725650
55741584,-4683035
55743015,-4680896
55768985,-4563419
55769737,-4602884
55768985,-4563419
55751071,-4549065
55740470,-4545081
55661563,-4697606
55661445,-4613705
55661434,-4611763
55634269,-4605792
55632923,-4369613
55630149,-4261908
55627460,-4204883
55620601,-4636399
55620483,-4281474
55617179,-4246295
55614677,-4225317
55609851,-4677823
55609848,-4306769
55609687,-4280259
55609485,-4255620
55609149,-4222765
55603660,-4638882
55603652,-4340016
55601257,-4225494
55597530,-4245537
55588817,-4498744
55588790,-4444733
55572154,-4642939
55572124,-4438017
55571559,-4410332
55563400,-4412893
55549160,-4624603
55549140,-4563179
55549129,-4556828
55541866,-4533490
55534648,-4522169
55528495,-4060935
55527446,-4051167
55523063,-4047739
55454544,-4270205
55454502,-4256474
55454418,-4253638
55454338,-4251688
55452495,-4212284
55445434,-4151249
55432083,-4381367
55431137,-4304852
55430870,-4286011
55428680,-4231830
55403213,-4173737
55401386,-4118704
55396179,-4682412
55396087,-4180294
55393672,-4145135
55382751,-4169645
55380474,-4220872
55375965,-4769464
55359565,-4644668
55359207,-4300510
55353618,-4691810
55353572,-4682985
