55033050,-5007225
55055053,-4710545
55057296,-5010202
55057312,-5010227
55076232,-4723917
55080970,-4977929
55083541,-4991488
55089870,-5005080
55101467,-4765676
55101894,-5006375
55101943,-5007916
55102897,-5007486
55114395,-4779869
55114788,-4952982
55121192,-4986759
55131282,-4994369
55160179,-4824805
55163261,-4945124
55169219,-4934062
55203674,-4836691
55227378,-4627376
55228687,-4788673
55229316,-4854353
55229911,-4856566
55230236,-4857203
55234901,-4859237
55241306,-4860106
55242565,-4859787
55246994,-4858390
55266323,-4715399
55267681,-4804773
55273746,-4836789
55303009,-4835190
55332675,-4828621
55336711,-4810361
55300350,-4765435
55289127,-4722013
55269325,-4674617
55258594,-4690063
55236171,-4844478
55236145,-4748358
55227378,-4627376
55224433,-4594095
55219188,-4850215
55212291,-4709689
55211418,-4693437
55126808,-4973431
55126087,-4884772
55110797,-4780355
55084777,-4727303
55067035,-4695738
