55443332,-5124554
55443943,-5195487
55444866,-5228561
55456684,-5274218
55461772,-5291017
55468215,-5275792
55471839,-5250800
55484039,-5102387
55494598,-5100633
55498947,-5317371
55500698,-5331030
55503665,-5338329
55522083,-5144648
55522361,-5298012
55637599,-5139266
55649166,-5380810
55694591,-5325852
55707061,-5285036
55576606,-5139106
55576045,-5131254
55568492,-5120688
55513816,-5328114
55511451,-5103400
55507049,-5087577
55468215,-5275792
55463367,-5083606
55457336,-5089622
55444728,-5109164
