55033050,-5007225
55055053,-4710545
55057296,-5010202
55057312,-5010227
55076232,-4723917
55080970,-4977929
55083541,-4991488
55089870,-5005080
55101467,-4765676
55101894,-5006375
55101943,-5007916
55102897,-5007486
55114395,-4779869
55114788,-4952982
55121192,-4986759
55131282,-4994369
55160179,-4824805
55163261,-4945124
55169219,-4934062
55203674,-4836691
55227378,-4627376
55228687,-4788673
55229316,-4854353
55229911,-4856566
55230236,-4857203
55234901,-4859237
55241306,-4860106
55242565,-4859787
55246994,-4858390
55266323,-4715399
55443691,-5126337
55443943,-5195487
55444866,-5228561
55456684,-5274218
55461772,-5291017
55468215,-5275792
55471839,-5250800
55484039,-5102387
55494598,-5100633
55498947,-5317371
55500698,-5331030
55503665,-5338329
55522083,-5144648
55522361,-5298012
55591152,-4552508
55591941,-5156350
55593864,-5150884
55597118,-4575769
55601165,-4586813
55606624,-4577694
55611595,-4562634
55612007,-5391253
55613723,-5129747
55631870,-4748761
55631935,-4791969
55634552,-5138704
55637599,-5139266
55642986,-4717705
55697818,-4888936
55699485,-5279639
55703147,-5290232
55707019,-4706582
55711238,-4840884
55719894,-4900473
55722881,-4895391
55741920,-4691137
55742042,-4854520
55747608,-4940126
55755973,-4939147
55778606,-4793050
55779296,-4850450
55784671,-4677527
55773715,-4907216
55772247,-4679976
55767742,-4669797
55757987,-4915769
55757968,-4686902
55757797,-4680668
55757457,-4678642
55749847,-4679603
55731487,-4863881
55728935,-4715059
55725990,-4666993
55721263,-4654424
55712860,-4648472
55708320,-4650617
55690254,-4851761
55690208,-4670586
55687641,-4660896
55686054,-4655219
55625957,-4726391
55625331,-4593823
55623725,-4545982
55621593,-4533899
55599193,-4493147
55593864,-5150884
55587692,-4576276
55585445,-4529823
55581077,-5159651
55580978,-4598148
55580867,-4595650
55579849,-4573352
55578083,-4546834
55539108,-5336959
55538818,-5124534
55469322,-5177237
55463367,-5083606
55457336,-5089622
55444728,-5109164
55332675,-4828621
55332599,-4812042
55300350,-4765435
55289127,-4722013
55269325,-4674617
55258594,-4690063
55236171,-4844478
55236145,-4748358
55227378,-4627376
55224433,-4594095
55219188,-4850215
55212291,-4709689
55211418,-4693437
55126808,-4973431
55126087,-4884772
55110797,-4780355
55084777,-4727303
55067035,-4695738
