55600975,-4473559
55663856,-4436279
55665008,-4552941
55671905,-4580795
55686809,-4579899
55700130,-4576528
55745159,-4527629
55780113,-4857097
55783096,-4861001
55792400,-4870235
55811965,-4883075
55814243,-4884025
55827320,-4885807
55856212,-4822139
55811748,-4881669
55811519,-4858028
55807994,-4850697
55799503,-4848943
55798534,-4848904
55783546,-4852272
55775955,-4858037
55730861,-4479110
55728279,-4465361
55667114,-4521178
55666492,-4452122
55663440,-4364000
55644664,-4490713
55644405,-4445019
55638813,-4415670
55608291,-4425479
55602516,-4454715
