55262413,-4392529
55356346,-4499737
55357837,-4524525
55394878,-4580646
55395404,-4597722
55405326,-4630125
55423465,-4626496
55427848,-4624907
55456024,-4545222
55459880,-4583590
55487190,-4492254
55487880,-4522582
55487983,-4526248
55491226,-4543471
55493953,-4539246
55504192,-4519639
55497467,-4508453
55487190,-4492254
55459880,-4583590
55459384,-4533257
55458553,-4512150
55449604,-4435021
55434173,-4593091
55434127,-4465938
55433887,-4454652
55433120,-4446210
55365104,-4499027
55364128,-4334329
55352436,-4493859
55348007,-4467300
55334918,-4407306
55328960,-4394947
55308864,-4374258
