51262210,-271533
51303100,-241995
51303134,-434556
51303688,-440936
51310649,-454675
51326797,-267427
51326805,-410685
51330074,-511595
51333518,-521519
51376529,-441681
51376529,-493221
51376632,-514741
51377025,-565809
51377342,-578644
51377628,-583650
51378044,-590649
51381679,-592333
51381698,-592319
51393646,-412496
51393680,-508986
51394050,-542753
51395404,-542882
51409538,-306777
51409606,-503565
51410110,-507805
51413711,-499680
51418064,-310719
51412567,-274598
51410289,-273821
51408748,-274195
51408302,-274341
51406326,-276400
51399059,-286837
51387722,-489002
51387710,-415130
51387588,-379966
51387332,-349535
51371715,-495275
51371711,-413067
51371707,-391646
51371482,-271789
51370986,-252728
51367126,-237173
51366088,-233751
51364315,-233632
51353290,-488943
51353267,-247299
51353050,-244090
51351730,-237018
51351074,-234673
51350307,-233942
51344619,-230599
51337097,-227816
51324375,-398010
51324356,-266442
51324268,-234769
51323959,-232772
51315254,-227353
51311252,-226260
51307353,-227025
51263679,-264555
