51240863,-455009
51243053,-455909
51255424,-280988
51255428,-430885
51255443,-463391
51265213,-205111
51265300,-440257
51265655,-457015
51266296,-459990
51270355,-462850
51278854,-466395
51283477,-454024
51286460,-445033
51292411,-423548
51305595,-220307
51305648,-338306
51305809,-340783
51307453,-351612
51310127,-354113
51331104,-368177
51344951,-366263
51420604,-280091
51420612,-292330
51420658,-298312
51420856,-303410
51421333,-304817
51428627,-311682
51429557,-312453
51430976,-311753
51431228,-307371
51430812,-267798
51429069,-264986
51418521,-252340
51313495,-334221
51313488,-294201
51312969,-216593
51311630,-210719
51304496,-194269
51297275,-188355
51290328,-187527
51277004,-392188
51277004,-217513
51276821,-216330
51274177,-208074
51268871,-199192
51268268,-198455
51261802,-199697
51260021,-202046
51255680,-210857
51247764,-294499
