58744232,-2942713
59100425,-2658167
59104206,-3087852
59107723,-3282730
59109760,-3324264
59110229,-3099812
59110237,-2577508
59116924,-3119205
59120964,-3270735
59124969,-3301667
59128982,-3315815
59136669,-3299926
59139709,-3252886
59315597,-2988825
59317588,-3004448
59336189,-2972932
59347385,-2893249
59363658,-2426565
59380790,-2410114
59290397,-2976982
59254718,-2597785
59252723,-2870272
59243820,-2575629
59233386,-2599164
59136669,-3299926
59136077,-3171401
59131797,-2987346
59131355,-2987771
59131111,-2988061
59124969,-3301667
59121021,-2974513
59108867,-3253210
59107929,-3123889
59095737,-3072660
59078781,-3220288
59076442,-3061224
59065677,-3020536
59064510,-2826076
59018875,-3157330
58946762,-2854298
58944034,-2769113
58931583,-3207670
58929824,-2938648
58926078,-2766786
58902313,-2865142
58896614,-2843931
58864135,-2905349
58847499,-2891969
58762599,-2960653
