57935375,-4018495
58433139,-3089848
58433151,-3095004
58443111,-3157430
58449317,-3325139
58450679,-3892296
58452777,-3056013
58486373,-3488578
58486717,-4203259
58486778,-3163429
58497726,-3148674
58511775,-3490906
58526206,-4221143
58526371,-4222630
58526931,-4223954
58532508,-4199157
58534427,-3275189
58544437,-3307887
58553161,-3546696
58553199,-3615890
58553367,-3918508
58555854,-3991680
58561759,-3463274
58563262,-3931583
58574436,-4014028
58577480,-3543676
58579673,-3737747
58583091,-3706541
58592205,-3383099
58592231,-3517796
58592262,-3533230
58592296,-3536552
58594520,-3680324
58605361,-3683167
58619487,-3281283
58622245,-3340325
58622394,-3343362
58626190,-3353995
58639259,-3072078
58640399,-3268474
58640953,-3305569
58643314,-3338910
58648124,-3351226
58784599,-3241864
58790813,-3254267
58829597,-2907721
58831527,-3205192
58832283,-3205893
58835842,-3208616
58841789,-3211405
58847446,-2909748
58849693,-2920639
58855098,-2929934
58904903,-2928182
58919113,-3173404
58922702,-2830745
58929824,-2938648
58931583,-3207670
58933723,-3289541
58947055,-3069104
58947898,-3217713
58953105,-3299252
58967384,-3328728
58977989,-2968539
58978027,-3299669
58980911,-3283962
58987628,-2953532
58994110,-3157839
59016124,-3113700
59017257,-3265846
59018733,-3306533
59030799,-3091543
59033111,-3292303
59038055,-2575077
59038940,-3188136
59039016,-3212762
59043209,-3282190
59048984,-3335727
59060489,-3074229
59063251,-3318409
59066669,-3331010
59076442,-3061224
59078781,-3220288
59082084,-3285263
59095737,-3072660
59099964,-3273467
59101181,-3301202
59109760,-3324264
59110229,-3099812
59110237,-2577508
59116924,-3119205
59120964,-3270735
59124969,-3301667
59128982,-3315815
59136669,-3299926
59139709,-3252886
59315597,-2988825
59317588,-3004448
59336189,-2972932
59347385,-2893249
59363658,-2426565
59380790,-2410114
59290397,-2976982
59254718,-2597785
59252723,-2870272
59243820,-2575629
59233386,-2599164
59136669,-3299926
59136077,-3171401
59131797,-2987346
59131355,-2987771
59131111,-2988061
59124969,-3301667
59121021,-2974513
59108867,-3253210
59107929,-3123889
59095737,-3072660
59078781,-3220288
59076442,-3061224
59067806,-3321671
59067272,-3230956
59054286,-3106288
59054256,-3018943
59043209,-3282190
59042762,-3169828
59033111,-3292303
59014793,-3302535
59002716,-3173534
59002582,-3107379
58998275,-2942545
58995689,-2928484
58896839,-2907800
58896614,-2843931
58864135,-2905349
58847499,-2891969
58844734,-2919970
58844413,-2932160
58838302,-3197248
58828590,-2962184
58826568,-2955201
58800605,-3160765
58788269,-2940705
58784599,-3241864
58762599,-2960653
58640399,-3268474
58639259,-3072078
58637027,-3056369
58595470,-3542989
58595455,-3517024
58575210,-3466793
58561641,-4005556
58561389,-3467333
58560649,-3085093
58558223,-3086169
58553161,-3546696
58542156,-3118536
58539989,-3467417
58532730,-3118991
58532119,-3116825
58485122,-3360088
58483688,-3286813
58473831,-3100778
58472690,-3068047
58463382,-3366276
58461723,-3111421
58455459,-3055614
58449398,-3055175
58432346,-3074068
58424266,-3094917
58413780,-3159686
58389774,-3132247
58377876,-3120888
57987880,-3953497
57985321,-3948029
