56155769,-3530699
56168231,-3596133
56176200,-3597897
56192779,-3598538
56199489,-3585358
56218589,-3465454
56219768,-3524040
56225868,-3507395
56241191,-3358012
56241901,-3436136
56257488,-3368954
56257255,-3350672
56236087,-3472785
56235267,-3406558
56234580,-3388593
56230838,-3342499
56230190,-3340944
56213039,-3513647
56212947,-3428524
56212940,-3425363
56211917,-3330551
56211765,-3328934
56211685,-3328173
56198856,-3562617
56198493,-3421942
56191738,-3318024
56189037,-3321831
56178806,-3571099
56177688,-3408898
56176654,-3331135
56162136,-3443142
