56007202,-3390271
56009693,-3401797
56035266,-3413510
56035335,-3499909
56035507,-3506577
56054519,-3549326
56054809,-3628667
56055244,-3637437
56057865,-3655680
56072101,-3472468
56072296,-3606896
56085208,-3634867
56090312,-3164168
56090412,-3607440
56093353,-3617048
56101078,-3168577
56101150,-3551151
56101470,-3592548
56109413,-3163086
56109424,-3574801
56112754,-3618248
56114372,-3629028
56119689,-3150354
56119689,-3465825
56122970,-3588498
56166816,-3144148
56166862,-3207775
56167800,-3579283
56168231,-3596133
56174201,-3104017
56174877,-3419836
56175327,-3583105
56176200,-3597897
56192779,-3598538
56199489,-3585358
56218589,-3465454
56219768,-3524040
56222942,-2703545
56222991,-3424575
56224514,-3486164
56225868,-3507395
56234371,-2717820
56234580,-3388593
56234813,-3469413
56236087,-3472785
56241001,-3459049
56251979,-3208582
56252109,-3386274
56256816,-2668963
56257003,-3119443
56257255,-3350672
56257488,-3368954
56260810,-2627385
56260833,-3305418
56263271,-3329653
56267166,-2669483
56267475,-3285525
56267604,-3322618
56269004,-3346290
56280620,-2742786
56280719,-3211459
56283557,-3296063
56285751,-3348010
56295349,-3067095
56295398,-3237389
56297618,-3255059
56305332,-3312721
56324428,-3112231
56328022,-3249814
56333118,-2808273
56333171,-2838421
56342510,-2975359
56343135,-3286774
56347660,-3298351
56353317,-3239912
56368072,-3077968
56368320,-3177990
56385025,-3038313
56389671,-3113873
56398017,-3077162
56409210,-2909373
56414146,-2925601
56416664,-2909956
56387260,-2877055
56384174,-2873616
56383136,-2873220
56360763,-2973462
56360721,-2890609
56358741,-2876725
56350055,-3179984
56349822,-2962405
56349502,-2928244
56345657,-2808894
56342765,-2793286
56317451,-2735724
56317420,-2704021
56316196,-2691583
56311016,-2664835
56299964,-2654769
56299015,-2656014
56298461,-2656796
56297977,-2658372
56293975,-3235000
56293914,-3057993
56293773,-2787892
56292991,-2651500
56278770,-3125796
56278690,-3077212
56277835,-2644653
56277126,-2630365
56269744,-3066481
56269634,-2894690
56267166,-2669483
56264461,-2622634
56263805,-2617715
56261863,-2612195
56256107,-3092283
56255958,-2632374
56255031,-2630762
56248607,-3153976
56248485,-2791609
56248046,-2703490
56247367,-2653291
56242401,-3133507
56242111,-2716660
56237659,-3343996
56237453,-2749274
56236511,-2687420
56234622,-2684192
56229251,-3414839
56229228,-2689418
56226875,-2681844
56225872,-2682487
56224418,-2685365
56223190,-2688133
56219432,-3413864
56218795,-2710565
56218402,-2710235
56214874,-3427337
56214862,-2731726
56214721,-2726999
56214408,-2722366
56212703,-2726139
56212089,-2729642
56207775,-3428235
56207767,-2766992
56207687,-2759913
56205848,-2760506
56204891,-2762793
56203903,-2768718
56200115,-3422466
56199981,-3310086
56199371,-3307455
56191738,-3318024
56189037,-3321831
56178806,-3571099
56177688,-3408898
56168956,-3054199
56168373,-3054409
56160175,-3060787
56140956,-3083768
56140083,-3084950
56124080,-3121385
56123531,-3123380
56116439,-3578434
56116424,-3161081
56116359,-3158505
56116016,-3152110
56114521,-3151583
56113887,-3152046
56105400,-3451598
56105369,-3166327
56105205,-3159762
56104282,-3159509
56088497,-3160546
56086837,-3160801
56085330,-3161091
56078559,-3482435
56078540,-3403525
56078334,-3400947
56077960,-3397495
56073997,-3364705
56043434,-3438450
56043403,-3340974
56042037,-3335806
56040767,-3336099
56032749,-3346189
