53344219,-2894223
53344581,-2896379
53345401,-2899399
53346290,-2902228
53376567,-2966018
53377101,-2966616
53398612,-2986731
53403209,-2990582
53407520,-2987779
53408790,-2985511
53429077,-2874722
53429172,-2924948
53429317,-2931874
53429416,-2935083
53430465,-2937815
53433956,-2938689
53484447,-2949750
53491565,-2950437
53486164,-2934160
53466335,-2897602
53454135,-2876066
53451251,-2871142
53450588,-2870481
53449913,-2869820
53406791,-2980346
53406787,-2918430
53406780,-2903131
53406719,-2883319
53406570,-2874305
53406509,-2873056
53405780,-2870634
53402587,-2866899
53377731,-2953507
53377651,-2928115
53377510,-2905609
53377414,-2896918
53377063,-2884900
53376033,-2884382
53351306,-2882714
53349124,-2883390
53344627,-2892595
