53322483,-2794338
53329521,-2844905
53336242,-2871949
53343765,-2886614
53379703,-2885119
53404060,-2989777
53404357,-2990865
53405220,-2993186
53405593,-2993631
53405788,-2993861
53407146,-2994886
53430805,-2861724
53431133,-2992127
53431259,-2997526
53481216,-3036868
53481224,-3043258
53486518,-3049401
53487659,-3050620
53491119,-3053554
53495349,-3055890
53497112,-3055074
53522491,-3005476
53504119,-2968523
53469200,-2969084
53441257,-2981862
53440998,-2864218
53440956,-2861598
53439449,-2859972
53359661,-2835043
53359519,-2826551
53359317,-2824669
53357913,-2816047
53337181,-2793650
