53372646,-2798578
53373847,-2963686
53376594,-2970378
53380313,-2976430
53382373,-2979499
53387493,-2985646
53387847,-2985955
53404682,-2827878
53404762,-2994018
53405204,-2995276
53406768,-2998411
53407588,-2999018
53411117,-3001553
53424438,-2833077
53424453,-2841145
53424781,-3000429
53429748,-3000967
53441139,-2792185
53441516,-2862377
53468708,-2890436
53469833,-2976195
53470005,-2985192
53515293,-2923098
53515293,-2955146
53516120,-3058216
53516147,-3060374
53542812,-2953290
53543178,-3044992
53544540,-3077759
53545890,-3088464
53546833,-3088805
53560432,-3092717
53568733,-3093309
53579219,-3068689
53601699,-2977390
53606868,-2986079
53610328,-2965089
53580276,-2901829
53579978,-2887819
53578651,-2879755
53570819,-2868525
53565612,-2865217
53553009,-3069733
53552898,-2906739
53552761,-2889136
53550807,-2863783
53539585,-2827566
53534030,-2814391
53523605,-2799771
53487636,-2988736
53487609,-2912037
53487602,-2895052
53487525,-2872820
53487354,-2846653
53483684,-2836679
53423908,-2806867
53423908,-2788222
53423839,-2765633
53423515,-2764363
53410011,-2969965
53409992,-2822836
53409923,-2751768
53406555,-2745196
53401714,-2741802
53389301,-2981839
53389194,-2826600
53386558,-2799019
53374851,-2791193
