53424804,-2953793
53430168,-2982555
53431293,-2983604
53432258,-2984138
53433391,-2984436
53434146,-2984468
53435226,-2984162
53436416,-2983708
53442123,-2980602
53555255,-2839102
53557006,-2860618
53595363,-2847573
53595645,-2922477
53600460,-2939341
53637458,-2748882
53637802,-2813364
53638889,-2851320
53641971,-2871031
53647483,-2868299
53650241,-2824225
53643272,-2750619
53642246,-2743718
53623695,-2737767
53614757,-2745442
53610813,-2749801
53585979,-2857597
53585586,-2822573
53447906,-2963481
53447669,-2942455
53447433,-2941576
53445075,-2937627
53443305,-2934861
53441535,-2933632
53438514,-2933852
53436267,-2935263
53434909,-2936257
