54096431,-3144638
54110069,-3160295
54114738,-3160823
54163131,-3073498
54163333,-3119268
54163600,-3124406
54163833,-3127276
54167583,-3161353
54193878,-3074693
54193889,-3092029
54197471,-3167341
54203319,-3163091
54243202,-3100467
54243774,-3119435
54274520,-3036908
54275299,-3073295
54276630,-3109942
54278026,-3135906
54323917,-2973620
54330657,-2995646
54337730,-2972365
54291828,-3033441
54289302,-2965389
54288089,-2946751
54257339,-3029340
54194770,-3067420
54192321,-3055464
54189670,-3054446
54121307,-3153586
54121143,-3110709
54109088,-3125514
54099090,-3140566
