54005481,-2784754
54006504,-2788360
54035221,-2820631
54056289,-2828028
54062637,-2826275
54070926,-2777997
54073707,-3174594
54085369,-3236976
54093978,-3254572
54094970,-3255718
54097240,-3257346
54119941,-3270197
54149829,-3186441
54149986,-3224785
54151229,-3225939
54169315,-2979375
54169319,-3147830
54169536,-3226389
54177642,-2926622
54177650,-3062950
54177658,-3150832
54179924,-3205061
54195369,-3291471
54200660,-3312423
54203300,-3312737
54214691,-2953137
54214733,-3320170
54215179,-3323666
54218685,-3348012
54235954,-2930275
54236003,-3259473
54236122,-3261796
54244464,-2932738
54244976,-3269279
54245445,-3353594
54250324,-2849086
54250385,-2987020
54250961,-3261696
54252719,-3294199
54254722,-3281628
54257659,-2346326
54257762,-3078565
54258754,-3363840
54261947,-2420435
54262466,-3028975
54263175,-3242555
54269287,-2438183
54269546,-3087258
54270042,-3237295
54270309,-3255761
54275260,-3383260
54275737,-3392706
54290523,-2901348
54290565,-3016033
54290622,-3086736
54315135,-2562935
54319892,-2604892
54321079,-3399926
54321502,-3409796
54323707,-3349013
54326919,-2554531
54328281,-3377120
54329216,-3399680
54332767,-3405107
54334087,-3391848
54334999,-2345130
54346698,-2475910
54347942,-2562383
54348503,-2567436
54351543,-2587526
54357120,-2563768
54371337,-2460418
54351543,-2587526
54341659,-2479560
54336738,-2321076
54334999,-2345130
54330657,-2995646
54329971,-2491218
54329219,-2312499
54318099,-3354781
54318099,-2971269
54317852,-2479728
54316528,-2339350
54313152,-3017635
54312755,-2437031
54312385,-2352411
54305583,-3414585
54301284,-3006601
54295032,-3418265
54294773,-2912426
54293235,-2497817
54290412,-3391296
54290016,-3092789
54289302,-2965389
54283020,-2876653
54282051,-2447825
54278694,-3372316
54278549,-2456449
54278442,-2373039
54277957,-2369210
54271217,-2953704
54270843,-2435404
54268222,-2351835
54251281,-3013533
54251159,-2961683
54246486,-2860532
54244739,-2850567
54236003,-3259473
54235954,-2930275
54234172,-2861932
54225200,-3186715
54225067,-2916425
54224983,-2840835
54214485,-3280627
54214416,-2892745
54213806,-2866615
54210769,-2857734
54205146,-3279066
54205024,-2905939
54204345,-2873837
54190013,-3070532
54189815,-2915829
54189754,-2913191
54189430,-2913112
54186561,-2913627
54175243,-3119130
54175212,-2924989
54167995,-2929790
54164093,-2936841
54157787,-2965779
54144554,-3131039
54144042,-3084914
54138813,-3089843
54130519,-3098855
54108924,-3209914
54107311,-3152831
54105548,-3131335
54073707,-3174594
54070926,-2777997
54070663,-2776479
54043418,-2759035
