53936473,-2830315
53936561,-2855191
53943881,-2863141
53972293,-2778002
53972480,-2822096
53984668,-2868438
53995487,-2649555
53995662,-2790031
53995681,-2795203
53996387,-2850712
53997291,-2851234
53999305,-2850344
54023014,-2736027
54024085,-2812170
54028545,-2820302
54065971,-2609599
54066314,-2716147
54067028,-2803014
54067825,-2806514
54104660,-2493062
54105026,-2598946
54105472,-2718705
54118774,-2544220
54263916,-3204255
54271255,-3223311
54283668,-3235492
54297943,-3242281
54303012,-3229309
54314826,-2933099
54315196,-3151226
54342296,-2898112
54349285,-2958281
54350414,-3210492
54353527,-3193181
54361793,-2927342
54362041,-3083127
54362949,-3177417
54371227,-2912674
54371303,-3074812
54402774,-3001845
54403419,-3067287
54404518,-3161645
54413925,-2915071
54414897,-3056660
54416900,-3078486
54446887,-2982026
54447292,-3091854
54448905,-3088365
54464286,-2925235
54464683,-3018662
54464786,-3022306
54465274,-3030526
54467285,-3040389
54476917,-3032285
54389492,-2914573
54389114,-2875988
54387920,-2871299
54350040,-2954775
54349624,-2923749
54348957,-2906527
54342296,-2898112
54336940,-2895842
54331722,-2894021
54321262,-3186711
54321243,-2940408
54315151,-2908219
54307113,-3188594
54305103,-2946711
54303237,-2913536
54296794,-3184978
54292499,-3153650
54256351,-3212155
54139713,-2575828
54139186,-2512620
54134899,-2377655
54123985,-2586336
54122436,-2333324
54120624,-2321835
54104007,-2497886
54103786,-2364816
54102848,-2339009
54094581,-2663824
54094486,-2421658
54093624,-2349055
54088478,-2812005
54087913,-2402239
54084709,-2375272
54082855,-2362202
54078609,-2359949
54072479,-2713397
54072292,-2387814
54069168,-2361486
54064987,-2387624
54062206,-2426083
54042282,-2743346
54041770,-2734801
54007747,-2825096
54007617,-2750601
54002899,-2699850
53995201,-2628882
53981105,-2822800
53980983,-2733516
53975872,-2625053
53961975,-2815823
53961566,-2760581
53960968,-2700548
