54095668,-2752344
54105171,-2761983
54131370,-2672998
54134479,-2737634
54135910,-2746155
54140800,-2751738
54151153,-2482008
54151294,-2697221
54151912,-2727533
54155799,-2747324
54174274,-2583692
54175659,-2711083
54175907,-2723879
54179080,-2733817
54200519,-2739439
54214115,-2742228
54223365,-2733375
54291858,-2572556
54294521,-2594334
54292057,-2570564
54237308,-2618995
54237266,-2574547
54237098,-2572780
54236415,-2570546
54221847,-2528874
54221302,-2335408
54196353,-2661286
54195587,-2395987
54191379,-2396529
54188877,-2404751
54181232,-2721582
54181201,-2611783
54180755,-2545709
54176757,-2434461
54175891,-2428370
54156097,-2601429
54155822,-2519839
54155292,-2466669
54154266,-2457898
54142547,-2440731
54136276,-2464448
54132522,-2482266
