54232040,-2811507
54258121,-2706561
54258365,-2788384
54258693,-2816161
54259975,-2828728
54301406,-2846833
54357604,-2638099
54360103,-2843146
54364490,-2870647
54388618,-2721152
54446681,-2839697
54393505,-2718943
54393367,-2681947
54379520,-2857863
54379455,-2817888
54377567,-2664596
54374122,-2617570
54371608,-2595755
54367328,-2573868
54360546,-2575097
54344921,-2777718
54344680,-2663142
54329982,-2872347
54327785,-2656089
54327575,-2655487
54317291,-2881348
54317131,-2691092
54315402,-2673813
54310516,-2628102
54296447,-2797747
54296188,-2714204
54296073,-2684225
54295276,-2662962
54289546,-2656141
54271862,-2808221
54271324,-2762220
54270725,-2717448
54268184,-2655817
54261562,-2647500
