51858146,-3303912
51905521,-3605843
51912670,-3286838
51913124,-3606725
51918067,-3671391
51926528,-3292935
51926532,-3457362
51926616,-3509227
51926712,-3524995
51927776,-3650576
51928813,-3680823
51942752,-3372080
51942768,-3566102
51946346,-3678320
51954959,-3401340
51955291,-3655675
51962612,-3356167
51962955,-3548583
51966312,-3647655
51970989,-3673608
51976970,-3200683
51977123,-3404536
51977264,-3498931
51977756,-3564498
51983108,-3586862
51989700,-3224179
51989765,-3368696
51990226,-3498373
51996242,-3602155
52035884,-3287837
52037956,-3474747
52046653,-3260412
52061328,-3283055
52067459,-3284850
52074855,-3284158
52074489,-3261735
52038928,-3353126
52038509,-3268770
52034549,-3198916
52031547,-3170322
52012065,-3287095
52009105,-3210241
52000244,-3190438
51981643,-3364998
51980701,-3247945
51980018,-3205671
51976970,-3200683
51966735,-3425812
51966567,-3309968
51963500,-3205985
51962593,-3184739
51947788,-3339901
51947460,-3191601
51941726,-3179971
51872417,-3479231
