52241657,-3378457
52303119,-3079018
52304176,-3142946
52306869,-3168844
52325832,-3047950
52326854,-3102810
52332828,-3165244
52341220,-3182697
52356609,-3016712
52357856,-3123376
52360446,-3138227
52417163,-3164716
52420040,-3219847
52438121,-3260919
52442306,-3204441
52402721,-3174228
52401206,-3143365
52397712,-3122228
52385498,-3083216
52346508,-3050405
52346298,-3010342
52344913,-3000324
52336215,-2965785
52326530,-2994437
52308715,-3119535
52307853,-3064820
52298252,-3067887
52295986,-3074681
