52702121,-1183163
52704277,-1212323
52763755,-1307847
52770931,-1369690
52775493,-1382936
52777862,-1387113
52781513,-1378610
52795360,-1199229
52795391,-1254933
52799015,-1311134
52808643,-1302624
52831001,-1194211
52831443,-1253250
52834774,-1258952
52835773,-1256142
52854652,-1170620
52823249,-1253552
52823173,-1055940
52822410,-1051504
52821929,-1051010
52808116,-1296906
52807708,-1104326
52807285,-1099380
52802421,-1046272
52779224,-1340736
52779117,-1286581
52778308,-1160153
52776649,-1144078
52773277,-1114920
52769123,-1090626
52746009,-1073267
52733169,-1288826
52733058,-1113793
52732936,-1101119
52732818,-1095317
52730304,-1093073
52729438,-1093017
52723339,-1104959
52722930,-1106226
