52672222,-887493
52676868,-913732
52681915,-926447
52703002,-963758
52734321,-1014185
52742378,-1015484
52747814,-1012784
52750778,-1010658
52751617,-1009927
52760974,-748730
52761089,-838533
52761482,-968958
52761779,-994166
52798587,-929851
52799346,-1006767
52819561,-1036698
52829177,-1036737
52870647,-856276
52870830,-886876
52871585,-895652
52874164,-903892
52886333,-881292
52877418,-851535
52851078,-975368
52850933,-893028
52850070,-848011
52842388,-725917
52838962,-746015
52828922,-987629
52828887,-842204
52828125,-739648
52827323,-737044
52819198,-732294
52811313,-727864
52810581,-727737
52760299,-980922
52760116,-736485
52759086,-682514
52751350,-969767
52750144,-732047
52750034,-727012
52748668,-712782
52729442,-842381
52724193,-823019
52714469,-820809
52702037,-822638
52684860,-831444
52679912,-837242
52673896,-869584
