52554244,-704572
52568897,-766804
52576953,-786899
52586425,-801046
52596393,-812125
52614555,-678009
52615192,-751650
52638580,-633718
52638626,-813346
52644145,-830519
52689285,-686361
52689399,-765602
52691452,-803570
52708759,-672677
52709587,-793793
52718921,-807393
52735038,-566335
52735462,-719409
52735893,-733838
52741004,-763153
52741523,-764589
52752784,-644180
52753280,-583464
52696132,-645269
52695854,-588840
52669635,-717933
52669609,-594211
52668548,-588078
52667945,-585007
52659122,-566559
52638626,-813346
52638580,-633718
52638435,-629718
52637847,-624120
52637180,-617890
52636573,-617451
52613613,-752817
52613574,-605946
52608322,-597252
52585567,-694940
52584983,-594174
52570484,-765506
52569004,-661970
52558605,-682759
