52415042,-949259
52417812,-978910
52425983,-993722
52435146,-1008826
52466091,-930188
52466232,-984944
52497196,-1004220
52516693,-856675
52518077,-939640
52529388,-728035
52529434,-753419
52529857,-821071
52530853,-945672
52531452,-947368
52551120,-820428
52554752,-895923
52555381,-895524
52556476,-893667
52568214,-837939
52567443,-809765
52563747,-794743
52539958,-722894
52534214,-717620
52518077,-939640
52517826,-724552
52510730,-721855
52483161,-802351
52476535,-768033
52455379,-878248
52455238,-859946
52448734,-850901
52428237,-957946
52427028,-893278
52425556,-890374
52424430,-892255
