52397937,-1188187
52398357,-1194117
52410343,-1214833
52421470,-1226517
52441234,-1060577
52442066,-1235646
52449459,-1252101
52464305,-1020876
52464427,-1201051
52464431,-1202920
52464748,-1233001
52465145,-1238927
52474945,-1280511
52483730,-1296257
52493442,-1310654
52494915,-1305225
52508220,-1131185
52508358,-1227689
52508956,-1281237
52520927,-1251095
52520652,-1177554
52516727,-1115823
52514335,-1079120
52496299,-1025084
52487957,-1000452
52471004,-1211311
52470661,-1008031
52449459,-1252101
52449394,-1064509
52447292,-1057814
52440711,-1047834
52432624,-1054289
52409957,-1162445
52408641,-1137920
