52397937,-1188187
52398357,-1194117
52432228,-1114470
52433353,-1213703
52439483,-1242619
52450412,-876845
52450511,-1181732
52450996,-1222674
52451377,-1247227
52460517,-960187
52460575,-1173981
52460628,-1212394
52460704,-1214306
52470237,-925554
52470264,-1155943
52473098,-1377058
52479015,-966244
52479061,-1122954
52479232,-1207353
52479797,-1243223
52484195,-1370776
52484500,-1372347
52487400,-1373425
52501319,-764571
52501491,-1261427
52504379,-1332832
52504482,-1333817
52508525,-1362752
52510295,-1370860
52516330,-944251
52517063,-1336162
52517810,-1366288
52518718,-1372774
52524745,-906964
52524799,-1368384
52524921,-1382280
52527019,-1390329
52531959,-936549
52531974,-1369887
52532173,-1405073
52533271,-1409378
52551387,-771351
52551486,-1373088
52551582,-1385727
52552028,-1391944
52552406,-1393871
52554435,-1401646
52555007,-1401918
52557949,-1399945
52560596,-1366424
52563671,-844891
52565284,-1200356
52566825,-1382814
52570484,-765506
52570575,-1209496
52570583,-1214954
52570602,-1218644
52571186,-1225421
52586791,-717237
52586799,-1218194
52587341,-1222863
52604148,-795436
52604160,-1203503
52605514,-1232951
52607826,-1231966
52612613,-743173
52612812,-1192520
52612831,-1198708
52615287,-1191308
52630046,-703310
52630050,-1127105
52630229,-1132977
52630294,-1134517
52630401,-1135889
52631919,-1140262
52634437,-1141883
52634700,-1142040
52638515,-1142084
52641231,-1141332
52642398,-1138756
52643119,-1136510
52644634,-1127465
52650142,-587193
52650482,-769196
52650611,-822438
52662441,-866893
52676868,-913732
52681915,-926447
52685962,-923685
52695854,-588840
52696022,-925997
52702121,-1183163
52704277,-1212323
52719711,-772607
52719734,-1148264
52719997,-1219057
52720237,-1280983
52732231,-1097032
52732490,-1200929
52733169,-1288826
52737346,-687909
52737350,-1105903
52737548,-1189877
52741165,-1303094
52745929,-1315654
52751712,-910465
52751743,-1215364
52751766,-1246492
52752017,-1254992
52753864,-1282015
52755073,-1299020
52762382,-958585
52762409,-1199493
52762420,-1284542
52762454,-1296145
52763755,-1307847
52769191,-897533
52769203,-1227663
52769233,-1299563
52770931,-1369690
52775493,-1382936
52777862,-1387113
52781513,-1378610
52795360,-1199229
52795391,-1254933
52799015,-1311134
52806453,-928560
52806461,-1113638
52806674,-1247857
52806812,-1296452
52808643,-1302624
52816761,-978490
52816772,-1204222
52817821,-1249060
52819545,-1253007
52834774,-1258952
52835773,-1256142
52842388,-725917
52843067,-1178784
52844207,-1181390
52879856,-862171
52886333,-881292
52851078,-975368
52850933,-893028
52850070,-848011
52842266,-1187900
52841934,-914547
52841300,-861471
52838962,-746015
52833164,-1186081
52833118,-814451
52828125,-739648
52827323,-737044
52819091,-1063848
52818798,-807556
52817386,-765125
52811496,-1148608
52811313,-727864
52810581,-727737
52807464,-732946
52802528,-1282549
52802421,-1046272
52801231,-811729
52800083,-793130
52794059,-1195219
52793960,-1122598
52793346,-1066864
52781097,-1249069
52781055,-900983
52780879,-766173
52779453,-765443
52774795,-1297124
52774795,-1202379
52774784,-902476
52774742,-872815
52774711,-857472
52773384,-811998
52770622,-720127
52763439,-1208336
52763408,-923348
52763256,-882818
52762611,-740369
52759086,-682514
52754421,-1205833
52754413,-1138401
52754325,-886144
52753280,-583464
52752693,-583225
52745292,-1134537
52745262,-861533
52745006,-589904
52743186,-591207
52739196,-1160786
52738933,-683521
52738029,-565334
52733699,-1095417
52733432,-594380
52733207,-561138
52729858,-540174
52725780,-1132480
52725746,-650763
52722476,-589846
52710948,-1178424
52710834,-833222
52710411,-671650
52708629,-657805
52704277,-1212323
52704074,-667653
52695854,-588840
52687198,-848972
52687114,-628905
52685352,-606531
52669517,-812746
52669513,-635830
52669357,-598774
52669136,-592777
52668548,-588078
52667945,-585007
52659122,-566559
52638626,-813346
52638580,-633718
52638435,-629718
52637847,-624120
52637180,-617890
52636573,-617451
52635238,-618439
52630756,-1126219
52630748,-661223
52630184,-653690
52628616,-656310
52628459,-657053
52624809,-1127079
52623126,-621391
52622489,-619387
52621200,-616710
52619789,-614450
52604148,-795436
52603912,-609900
52598377,-1191338
52598213,-641618
52597808,-635592
52592479,-1114861
52592472,-605538
52591957,-599443
52586147,-1095476
52586139,-715707
52584983,-594174
52584846,-598666
52578132,-1093574
52578052,-711723
52576038,-669147
52575607,-667611
52571929,-660108
52569004,-661970
52554077,-1391871
52554065,-1372241
52553398,-1087090
52551872,-813135
52551387,-771351
52545284,-1367396
52545238,-916911
52544460,-858151
52543323,-796851
52539958,-722894
52535026,-1346137
52534976,-839425
52534397,-719030
52534214,-717620
52529624,-1320524
52529434,-753419
52529388,-728035
52524337,-1344689
52524303,-907476
52522167,-774643
52518390,-1368460
52518280,-723331
52516647,-724395
52510890,-1226908
52510810,-829626
52510730,-721855
52504650,-1114106
52504642,-939301
52504314,-752406
52504051,-749761
52501399,-749630
52490367,-1364856
52490325,-1222306
52490131,-902770
52487262,-803403
52486328,-791779
52476535,-768033
52469158,-1213021
52469081,-917927
52468360,-860062
52465373,-867159
52457096,-1197564
52456825,-843481
52451377,-1247227
52450767,-875393
52448734,-850901
52442066,-1235646
52441234,-1060577
52440341,-886310
52438644,-874893
52429138,-1200468
52429058,-954044
52428375,-894218
52425556,-890374
52424430,-892255
