52643337,-1239222
52673995,-1344686
52674892,-1452757
52676887,-1456133
52681118,-1461391
52710582,-1371211
52710948,-1444577
52712028,-1458850
52721508,-1489987
52731674,-1506602
52745925,-1350541
52745986,-1475435
52746280,-1503963
52766704,-1364045
52767124,-1468230
52768161,-1483113
52768981,-1485979
52773422,-1485675
52789821,-1469156
52796092,-1448665
52788795,-1395812
52759140,-1477723
52758987,-1407233
52758865,-1392537
52757091,-1335705
52742839,-1308415
52728610,-1463872
52728404,-1340599
52727943,-1331780
52703926,-1327677
52703609,-1221245
52689414,-1399625
52689399,-1275927
52688873,-1236907
52680870,-1217049
52662036,-1207585
52661445,-1208110
52645484,-1230819
52644897,-1231657
52643775,-1234544
