52576030,-929728
52658481,-984075
52659118,-1171442
52659381,-1193865
52675540,-1201200
52677108,-1201674
52691989,-969893
52691997,-1089591
52692100,-1180080
52692184,-1183363
52697357,-1200623
52714515,-1054882
52714633,-1139081
52715480,-1156756
52717521,-1158051
52724052,-1159862
52725349,-1159985
52743312,-1062066
52776229,-1068413
52772399,-1059069
52721694,-1037403
52718429,-970839
52698200,-1085926
52698162,-1070743
52697978,-1007117
52696777,-969765
52695388,-966794
52676036,-1183117
52675849,-1062787
52672080,-932825
52664325,-898931
52647270,-1042350
52646694,-874572
52640285,-846612
52628555,-1044871
52628452,-995748
52627914,-861446
52626850,-828025
52596473,-922808
52596305,-873737
52595638,-840906
52585941,-846786
