52896133,-3448093
52970287,-3463377
52971366,-3490025
52983707,-3273789
52983772,-3320310
52984493,-3490463
52985115,-3559024
52991027,-3594562
53005435,-3334860
53005649,-3448940
53007427,-3548307
53009815,-3627825
53010734,-3646683
53023376,-3258825
53033889,-3261622
53034709,-3570313
53038818,-3615387
53042106,-3594195
53044692,-3570064
53050163,-3447001
53062648,-3552720
53062549,-3525630
53052234,-3385527
53031681,-3581865
53031463,-3437547
53028839,-3243685
53023651,-3236260
53016361,-3594125
53016273,-3276686
53015537,-3261250
52989936,-3540917
52989921,-3334042
52985927,-3246341
52971637,-3451361
52970428,-3275453
52970249,-3259291
