53123615,-3682470
53206192,-3598887
53206302,-3607158
53207683,-3689386
53208419,-3723947
53228157,-3600575
53228931,-3742719
53237892,-3737643
53260921,-3617480
53262168,-3658308
53266387,-3676676
53285827,-3516578
53285846,-3594424
53285911,-3643822
53289108,-3659817
53291049,-3666674
53306396,-3536478
53305591,-3533184
53293174,-3512937
53285923,-3511226
53256931,-3592205
53256877,-3509841
53253032,-3492498
53252689,-3491077
53248058,-3489882
53184661,-3673216
53183193,-3644440
53157840,-3647150
