52762264,-4789787
52792182,-4529949
52792583,-4733490
52794826,-4740306
52799057,-4746047
52828983,-4505485
52829055,-4681517
52832107,-4701156
52837806,-4711146
52846797,-4708234
52858833,-4495810
52858837,-4629351
52860065,-4653256
52862079,-4669692
52864070,-4677422
52870109,-4678209
52887157,-4536148
52887611,-4573800
52893234,-4647402
52906364,-4446937
52906696,-4536576
52907089,-4626712
52910644,-4617988
52923286,-4418746
52924598,-4565535
52924953,-4571805
52927425,-4580641
52943309,-4372427
52960258,-4454746
52962463,-4463418
52964496,-4468687
52965621,-4453292
52972434,-4323370
52968952,-4306798
52941738,-4393476
52940086,-4340936
52934318,-4302161
52932857,-4293076
52913848,-4478922
52913475,-4322544
52909584,-4313739
52897006,-4574357
52896911,-4414198
52893692,-4403003
52885219,-4402728
52882350,-4403668
52871231,-4634396
52871013,-4565030
52870815,-4506588
52867885,-4478678
52862895,-4474783
52807556,-4491313
52800487,-4505952
