52967052,-4350063
52968200,-4416637
52992465,-4437350
52996166,-4429675
53012210,-4273505
53012626,-4342506
53013275,-4381244
53040096,-4285505
53040515,-4343930
53045948,-4343434
53086879,-4176161
53087055,-4307929
53100757,-4336064
53134063,-4296222
53138397,-4281631
53108436,-4235445
53105964,-4209485
53093444,-4184274
53088020,-4174143
53062675,-4308685
53062335,-4248056
53060195,-4215035
53054424,-4136384
53054203,-4135687
53013095,-4308869
53012210,-4273505
52986511,-4411111
52985424,-4330754
52976348,-4301487
