53230117,75518
53232292,56414
53249408,26027
53282901,-3996
53283477,-73574
53286643,-99521
53290168,-111100
53293289,-120623
53320560,-161869
53335559,21562
53335887,-139087
53338592,-160523
53347324,101296
53347381,-41731
53351142,-130444
53357673,-153721
53375797,-11109
53376026,-54516
53378883,-124523
53381240,-138253
53406967,150137
53407707,20285
53408149,-20734
53417732,-114357
53444095,132706
53445541,7160
53451389,-12940
53472408,153188
53470458,155078
53451175,31959
53451015,137346
53450267,140983
53448356,144682
53426914,12619
53425472,178811
53424354,187364
53407707,20285
53406967,150137
53400978,204397
53396881,197085
53385463,4468
53385448,140029
53384860,184285
53370960,14114
53370941,93077
53370777,153830
53350784,22373
53350704,100785
53348430,117293
53345077,120970
53335887,-139087
53335590,38025
53333339,124413
53323165,117091
53321285,115240
53309295,-118554
53308914,100939
53306449,98927
53305274,97759
53282901,-3996
53268241,51376
53261020,61916
