53197841,242287
53219699,170613
53221996,121519
53239196,254205
53240024,115907
53248378,79505
53272140,182419
53272190,68498
53278564,75676
53283515,85096
53313392,179433
53315483,144004
53317039,124399
53325538,126158
53335437,138681
53340465,148051
53339797,153185
53330287,195591
53323432,217199
53287971,126962
53287750,302892
53276233,80003
53276058,189005
53275901,218623
53275020,285579
53268142,285542
53249355,154666
53246818,267167
53246006,294135
53243206,298406
53239509,293877
53213493,240874
