53119823,-227829
53139060,-279722
53154670,-295565
53205730,-251314
53206615,-249841
53211906,236327
53212043,-212164
53224155,-226309
53228893,-544006
53229537,-548748
53251747,-552913
53252174,-681235
53255657,184352
53255722,-662253
53255741,-752104
53257678,-756739
53258537,-758468
53263740,-751466
53265949,266229
53266166,-650487
53266853,-733413
53275020,133684
53275161,-658556
53276939,-749447
53286128,116414
53290168,-111100
53293865,-741961
53293884,-742711
53294204,-743286
53294849,-736890
53297168,293920
53297267,-552110
53297431,-725681
53298351,-743675
53300388,-745686
53312526,145882
53312675,-662184
53312957,-669471
53313396,-678164
53316528,245458
53316642,-576299
53316852,-664095
53317508,-688275
53325111,270911
53326045,-578298
53326400,-676379
53326538,-678569
53328937,273548
53328941,-13785
53329223,-148222
53330364,-648281
53331085,-637432
53333766,249052
53333789,-155071
53333934,-577360
53337890,247991
53337978,-575648
53338115,-577431
53340724,262427
53340744,-582886
53341018,-585806
53341247,-584627
53341526,-579090
53344776,255219
53344776,19670
53347129,-92610
53351142,-130444
53357673,-153721
53375797,-11109
53376026,-54516
53378883,-124523
53381240,-138253
53406967,150137
53407707,20285
53408149,-20734
53417732,-114357
53444095,132706
53445541,7160
53451389,-12940
53472408,153188
53470458,155078
53451175,31959
53451015,137346
53450267,140983
53448356,144682
53426914,12619
53425472,178811
53424354,187364
53407707,20285
53406967,150137
53400978,204397
53385627,37768
53385585,154698
53384086,219298
53373435,16759
53372890,93128
53371673,224996
53361377,5065
53361316,100030
53359996,218271
53359325,236827
53358993,240582
53358303,248225
53351142,-130444
53350860,252897
53350711,255459
53342281,263832
53340503,265588
53336132,-577797
53336109,265747
53335842,267696
53335498,270171
53328456,-668687
53328189,-145909
53327754,274145
53326480,275384
53319042,280183
53300868,-573222
53300510,285064
53300342,289572
53299488,293444
53294105,-119191
53294078,36168
53293792,170708
53292140,281721
53287670,-635378
53287345,250708
53281623,302238
53275020,285579
53274620,280608
53272155,-672886
53272140,182419
53272094,271624
53268608,-651893
53268486,78801
53268142,285542
53264934,-648816
53264911,84747
53264900,202278
53264842,276278
53261699,267055
53259883,249881
53257389,-754814
53257278,176908
53257244,182559
53255161,268988
53249439,-542829
53249408,26027
53249355,154666
53246818,267167
53246006,294135
53243049,-548276
53242977,164777
53242424,265166
53242233,268513
53239505,-539285
53239490,208332
53239189,258386
53235496,-539137
53235481,184419
53235198,253021
53232757,274585
53218048,-218145
53217239,216489
53214622,236604
53213493,240874
53211906,236327
53205951,-212463
53205657,224801
53183113,-255138
53181465,-228746
53177757,-207545
53166160,-144718
53144382,-143279
53140678,-147371
