53006057,-234252
53054676,-264763
53056350,-322606
53058601,-395880
53064575,-424876
53069946,-449458
53102298,-196628
53102428,-322711
53105224,-420822
53110439,-443235
53122985,-183387
53123802,-321715
53124591,-410039
53129108,-451933
53135105,-490613
53149909,-504091
53186653,-441139
53186832,-536705
53186931,-538079
53189041,-539392
53193756,-541064
53224063,-545233
53225868,-480338
53196483,-444790
53193675,-399327
53181259,-322047
53168037,-306928
53160034,-309125
53145278,-487012
53144622,-404949
53143989,-358966
53142982,-336263
53125556,-324486
53124927,-181781
53121315,-164254
53062324,-382517
53061813,-199230
53059841,-171973
53052715,-106026
53030658,-247772
53030151,-159926
53021080,-160700
