53054378,-571036
53054435,-582479
53075229,-633162
53075336,-696362
53093921,-527912
53094902,-620024
53109821,-650531
53137371,-538672
53138851,-631921
53140010,-645658
53142795,-646582
53158290,-647575
53169521,-641597
53194267,-553756
53194740,-555791
53195522,-556453
53213195,-553179
53231529,-545624
53226482,-524149
53225727,-522571
53223937,-521165
53175281,-509777
53153911,-622709
53153781,-610016
53151535,-545951
53150375,-542159
53138507,-516850
53128696,-496383
53107879,-463512
53078914,-549489
53078338,-509305
53071437,-496274
53055236,-490723
53054428,-513189
