53236244,-336245
53255519,-357578
53328384,-423931
53350215,-486901
53352378,-531162
53359012,-164723
53359683,-379513
53362331,-490951
53371841,-209884
53372013,-486760
53373550,-500656
53378414,-527771
53385105,-198095
53385120,-330821
53385150,-334219
53385807,-375378
53386512,-403109
53391311,-535431
53392158,-548200
53394649,-550792
53398235,-548234
53418724,-376591
53419509,-520152
53419902,-522606
53424396,-524046
53444477,-195403
53444820,-278913
53445674,-403270
53450687,-359138
53458244,-160250
53464855,-260010
53458244,-160250
53452667,-128804
53429027,-131198
53416549,-389133
53416545,-293838
53415168,-134928
53410987,-150888
53403644,-495055
53403484,-259687
53402019,-186565
53396190,-156776
53385093,-544621
53385009,-332358
53384754,-199253
53378704,-155743
53364418,-429665
53364349,-217848
53360450,-165277
53359012,-164723
53317203,-325877
53316543,-246728
53315620,-208244
53314933,-182858
53314033,-177056
53303352,-159877
53245491,-340667
53236717,-249917
