53738094,-1542047
53738853,-1554517
53767917,-1599040
53767971,-1638528
53768898,-1642542
53796489,-1478075
53796501,-1603443
53796585,-1629311
53797302,-1648828
53798042,-1650022
53810733,-1447616
53810775,-1631418
53810855,-1658359
53811050,-1660164
53821327,-1444787
53821411,-1659959
53821556,-1666566
53822307,-1668914
53824394,-1672741
53836746,-1461042
53836753,-1614840
53836795,-1637846
53836860,-1653025
53837074,-1656139
53839019,-1677262
53844928,-1692324
53846935,-1696687
53857688,-1707906
53864109,-1706371
53866584,-1704878
53874595,-1691027
53885265,-1442055
53885288,-1615748
53885444,-1622030
53886684,-1644961
53886856,-1645462
53888938,-1644988
53890121,-1643046
53903434,-1451052
53903476,-1513089
53913444,-1570062
53918441,-1597036
53923702,-1611574
53949840,-1588308
53948154,-1557013
53946422,-1547982
53904335,-1511952
53904132,-1448394
53898345,-1429159
53896739,-1429820
53881328,-1589330
53881202,-1447555
53869453,-1682717
53869434,-1467419
53867580,-1432953
53864940,-1409480
53862239,-1399863
53835571,-1619151
53835540,-1471344
53835491,-1424923
53835445,-1392192
53832550,-1384849
53830974,-1384234
53825996,-1386662
53812118,-1618163
53812110,-1478094
53812091,-1436011
53811988,-1429664
53805389,-1406627
53794803,-1614556
53794803,-1602473
53794742,-1429807
53792251,-1423591
53789314,-1417008
53788513,-1416746
53787364,-1418993
53772354,-1564904
53772346,-1550885
53772300,-1522937
53770603,-1445594
53748317,-1552718
53748191,-1540512
53747982,-1523455
53747497,-1521671
53747016,-1520630
53746559,-1520105
53746063,-1519731
53745353,-1520680
53744838,-1521808
53739128,-1534911
