53724411,-1626217
53728477,-1624802
53739112,-1381999
53739120,-1603194
53739124,-1611487
53739128,-1613322
53741451,-1628811
53757423,-1484990
53757434,-1595939
53757461,-1626242
53757503,-1634751
53757759,-1636252
53760440,-1639913
53761890,-1640341
53764572,-1640956
53765495,-1640811
53767269,-1639445
53767879,-1637967
53770874,-1601636
53777191,-1244429
53777194,-1356691
53777435,-1383273
53779960,-1641461
53780216,-1658425
53784126,-1678806
53794189,-1694578
53800907,-1699282
53802524,-1699453
53815853,-1698248
53821636,-1314463
53821781,-1680250
53826778,-1215416
53826778,-1275457
53826786,-1696772
53828128,-1705072
53828460,-1705860
53832592,-1696473
53833160,-1680346
53839374,-1172688
53839725,-1341736
53843212,-1364328
53852577,-1368275
53853931,-1365396
53861881,-1343198
53867820,-1272528
53867881,-1720487
53868373,-1769103
53879524,-1777711
53881717,-1776664
53886539,-1275413
53886688,-1738177
53887168,-1748550
53891147,-1760349
53896263,-1774868
53899570,-1774377
53904991,-1345506
53904998,-1689616
53905181,-1743861
53906032,-1773459
53906982,-1781872
53916244,-1843728
53927597,-1895372
53933975,-1405917
53934005,-1615697
53934078,-1830853
53936054,-1903149
53939567,-1917552
53952602,-1385294
53952602,-1918669
53954742,-1919641
53988845,-1358070
53991641,-1747800
53992336,-1767624
54005752,-1743443
54002281,-1722426
53993259,-1730615
53993183,-1382866
53992355,-1367367
53988845,-1358070
53976669,-1347311
53976058,-1348736
53973724,-1359933
53968860,-1904141
53961029,-1726251
53959571,-1378669
53956329,-1328699
53952400,-1912453
53952140,-1362063
53950191,-1314994
53948757,-1312306
53947479,-1312813
53942699,-1861011
53942665,-1389310
53942337,-1332749
53936328,-1817210
53936248,-1389007
53936122,-1379154
53935699,-1361446
53933685,-1292265
53929542,-1255164
53927024,-1246402
53923580,-1234571
53921092,-1237890
53915981,-1715294
53915977,-1482722
53915943,-1408441
53915435,-1279389
53910720,-1745928
53910629,-1425201
53910491,-1329131
53909378,-1213458
53906143,-1186684
53903350,-1167803
53897911,-1583842
53897785,-1316293
53897098,-1174836
53893711,-1165423
53892074,-1179835
53887222,-1731434
53887096,-1258728
53886508,-1253916
53884910,-1245744
53881488,-1234912
53875740,-1705909
53875667,-1275525
53875598,-1270309
53870006,-1709463
53869930,-1379662
53869831,-1272022
53869251,-1265507
53865589,-1244236
53847049,-1162202
53846542,-1161877
53827743,-1343276
53827735,-1215778
53827503,-1175871
53827396,-1164083
53817405,-1670639
53817276,-1258837
53815727,-1177985
53810337,-1675614
53810298,-1551877
53810073,-1205218
53808715,-1176937
53806743,-1173969
53801311,-1653167
53801303,-1535924
53801265,-1386993
53800865,-1244626
53800609,-1178766
53794918,-1664272
53794910,-1534688
53794826,-1228111
53794254,-1181987
53771572,-1375710
53771533,-1238355
53769401,-1200692
53764682,-1191179
53755271,-1436226
53755165,-1231356
53755023,-1182945
53744678,-1458564
53744495,-1259451
53742206,-1226149
53736835,-1255264
53728492,-1620604
53728485,-1424822
53728294,-1405954
53728057,-1399986
53725807,-1393880
53725143,-1436325
