51824451,-641201
51824909,-645659
51868232,-690633
51868709,-710125
51911205,-643748
51911342,-678825
51914810,-746971
51918773,-764382
51931186,-789261
51940219,-780959
51945980,-751439
51959484,-669303
51961063,-638387
51940219,-780959
51939708,-678121
51934375,-593244
51931430,-557411
51926013,-546575
51924736,-547416
51910232,-726527
51910198,-639271
51910148,-580102
51909370,-575185
51907909,-575728
51898040,-593086
51861186,-661895
51858551,-626018
51856838,-618678
51847007,-605682
51827964,-625570
51825752,-635385
