53360588,-2244987
53363487,-2268205
53380214,-2291311
53386524,-2298496
53404735,-2315936
53405605,-2316409
53429328,-2219888
53429370,-2239935
53429489,-2268591
53430114,-2277054
53468082,-2458068
53480663,-2246929
53480667,-2445907
53480686,-2457586
53490264,-2476694
53491828,-2477481
53504455,-2301208
53504459,-2455776
53504463,-2456998
53504814,-2471460
53512928,-2482498
53522502,-2255726
53522502,-2267671
53522533,-2401263
53522636,-2471175
53524112,-2470815
53528793,-2457908
53536880,-2184867
53536891,-2279682
53537143,-2396739
53537418,-2404030
53547447,-2179601
53547489,-2374696
53547554,-2376810
53548381,-2377330
53550666,-2376611
53563518,-2202044
53563545,-2328850
53563617,-2350622
53564327,-2356757
53568119,-2365472
53569931,-2367692
53578456,-2357148
53585693,-2344022
53593593,-2298322
53581295,-2161575
53578628,-2155342
53569725,-2151987
53556388,-2322892
53556381,-2193451
53556377,-2182990
53556037,-2175547
53555690,-2173764
53555286,-2172298
53528854,-2273037
53528846,-2247527
53527297,-2248544
53521289,-2254617
53519065,-2256896
53518516,-2257813
53518260,-2258520
53504455,-2471155
53504455,-2317959
53504447,-2311009
53504096,-2307689
53503654,-2304475
53503154,-2303386
53483314,-2437843
53483039,-2244502
53482879,-2243115
53482105,-2240339
53481506,-2238662
53433914,-2213289
53428901,-2212225
53405986,-2307281
53405982,-2256154
53405937,-2220685
53405227,-2219929
53403736,-2220177
53364059,-2239688
53360866,-2244268
