53406131,-2314442
53410610,-2432071
53411106,-2436198
53412162,-2439955
53415077,-2449193
53431884,-2317402
53431888,-2332227
53432174,-2395550
53432601,-2409461
53432929,-2408050
53433429,-2403539
53440589,-2097120
53440608,-2312077
53441017,-2314504
53468490,-2389019
53468570,-2394261
53468833,-2396870
53472679,-2421146
53480224,-2131596
53480228,-2363525
53480266,-2376770
53480289,-2378563
53481021,-2380182
53492424,-2378717
53495548,-2376393
53496150,-2373881
53496368,-2370552
53505928,-2135415
53506015,-2157805
53506095,-2165645
53506298,-2169581
53523769,-2428034
53524875,-2433203
53525539,-2435563
53531009,-2439451
53536315,-2440683
53537113,-2439831
53539001,-2433876
53539993,-2422931
53516315,-2145582
53515174,-2142834
53511703,-2136609
53507640,-2129555
53501346,-2122767
53483329,-2246855
53483325,-2131545
53481494,-2126959
53477836,-2118435
53469543,-2106286
53455490,-2333917
53455486,-2117469
53455478,-2114638
53455417,-2104051
53455142,-2097560
53449028,-2092742
53447490,-2091715
53443561,-2092444
53441051,-2093914
53439712,-2094769
53434864,-2100313
53426162,-2354861
53426162,-2308841
53425842,-2297147
53423748,-2290360
53419639,-2282191
53416110,-2285538
53409362,-2299002
