53418659,-2449667
53437679,-2459411
53476696,-2163090
53476715,-2188899
53477851,-2216779
53482639,-2243386
53486045,-2243375
53490531,-2242391
53492519,-2240608
53501735,-2221574
53509506,-2197188
53509933,-2509380
53510753,-2510928
53517780,-2166324
53517795,-2479055
53517925,-2510909
53518318,-2512105
53522480,-2519606
53527065,-2517958
53534194,-2504979
53535900,-2496791
53536231,-2495045
53538410,-2471396
53549392,-2273290
53549625,-2303009
53558860,-2325794
53560024,-2296063
53555835,-2270689
53546981,-2262046
53533271,-2470932
53533164,-2307885
53526863,-2173767
53521751,-2159130
53498004,-2123783
53487224,-2126011
53474636,-2143707
53473220,-2148252
53472633,-2150208
53462100,-2354227
53461612,-2349253
53460868,-2344472
53450225,-2328440
53448852,-2328324
53445346,-2328297
53441608,-2338581
53434864,-2365787
53418922,-2447232
