51193050,636007
51198177,437768
51200325,423680
51206047,407802
51216854,642207
51216941,480732
51216979,449975
51217021,430357
51225379,400118
51228279,401615
51238582,621804
51238632,550243
51238712,487881
51238807,477381
51241004,425188
51245117,345706
51254596,342591
51260177,948575
51260192,526536
51260219,392773
51260753,364635
51267936,948318
51267951,493945
51268020,410095
51268112,375621
51280273,560692
51280288,494068
51280521,404380
51281215,396904
51291572,370062
51296901,946811
51296920,435924
51297653,378918
51298110,349928
51298633,349438
51302612,355050
51309738,884965
51309764,416846
51309974,380610
51312641,345748
51317058,893504
51317066,351385
51317302,351052
51323894,346954
51324653,353050
51336425,722982
51336544,474622
51343296,458070
51349384,456012
51352310,457978
51361862,745394
51361862,498211
51363460,461046
51373313,467524
51391052,501730
51391510,506899
51397148,893555
51397426,826233
51399177,769800
51402050,744005
51409317,737925
51423984,741449
51443042,747873
51443813,749963
51439975,782458
51419551,870588
51416522,895225
51415031,899604
51397872,925477
51386592,934920
51381626,494588
51381622,509089
51380893,943797
51380546,944136
51371433,508345
51371410,745505
51366115,908566
51360149,505990
51360099,733796
51359931,904037
51353958,499504
51353908,762047
51346397,871771
51336231,941465
51326290,987787
51321937,995054
51321346,995374
51317066,351385
51317058,893504
51316627,981905
51315067,987358
51313423,983348
51307720,513807
51307670,899501
51305686,956930
51303588,969682
51298748,401863
51298694,899121
51298622,945946
51298480,948734
51296817,966045
51282283,521467
51282279,526715
51281738,938898
51280853,959393
51276371,965259
51271835,489911
51271778,800713
51271541,921901
51271160,953465
51261692,630817
51261650,946920
51260177,948575
51254718,487569
51254714,618594
51254615,876495
51252964,904713
51250633,898547
51241580,559732
51241561,702868
51240596,853553
51239952,876969
51234146,490182
51234085,560891
51233894,713426
51233413,733319
51229640,839581
51223072,442463
51222980,741286
51217388,750062
51213199,744944
51204570,420983
51204395,598114
51204185,616470
51202873,667679
51202754,672110
51202461,678521
51199493,675900
51196743,668326
