51256843,766450
51274333,682399
51278324,519099
51286216,807773
51286220,775143
51286602,693728
51295989,655243
51302257,630195
51315643,798864
51316070,701396
51316490,612725
51329963,801358
51329986,707569
51332950,611120
51335857,599382
51345825,817736
51345996,696938
51346260,643630
51348102,625999
51376903,639489
51390529,648237
51390457,656211
51388309,746344
51380500,758998
51352222,667414
51351848,793400
51348876,815237
51346302,818856
51338733,824911
51331260,829678
51323993,833407
51297309,728498
51296825,778136
51296474,787310
51290431,817612
