51935577,-836868
51959396,-719764
51960048,-768458
51981071,-846640
51981079,-884993
51985477,-902198
51994480,-624192
51995269,-861860
51996555,-875621
52011138,-653755
52011314,-892401
52015312,-905242
52015567,-906008
52018028,-907303
52019664,-906578
52027481,-619870
52030559,-689979
52039875,-675768
52051311,-656704
52053222,-634464
52041957,-619046
52034446,-614947
52031074,-613346
52016574,-900416
52016551,-649847
52016269,-627604
52001995,-554983
51988609,-531966
51980598,-904268
51980510,-532857
51978187,-518984
51971832,-874275
51971656,-595793
51968311,-586665
51961551,-584316
51936206,-829566
