51889797,-895812
51910274,-956614
51910438,-1006853
51924758,-1043265
51938034,-870932
51938255,-987401
51941406,-1023234
51943283,-1038134
51955970,-1076580
51961910,-1091106
51987773,-985120
51987915,-1043601
51988937,-1069224
51989509,-1074528
51993854,-1092367
52014564,-975436
52014671,-1071721
52025581,-1074425
52041233,-1055950
52056091,-1037843
52069709,-982972
52074748,-959378
51998386,-937191
51998382,-925320
51997795,-916693
51996829,-910529
51994075,-896773
51971584,-1063557
51971527,-950884
51970840,-928492
51969142,-908347
51955970,-1076580
51955410,-903892
51949993,-865531
51921886,-955124
51921749,-913045
51921237,-888308
51918766,-829698
51918537,-827610
51912822,-792155
51911239,-792240
