51889797,-895812
51910274,-956614
51910438,-1006853
51924758,-1043265
51938034,-870932
51938255,-987401
51941406,-1023234
51943283,-1038134
51952163,-772079
51952354,-892530
51955055,-1065109
51955970,-1076580
51968383,-850270
51968700,-948735
51968772,-958838
51969932,-1091294
51972774,-1091250
51973400,-1090743
51975906,-1085873
51977699,-1074990
51982898,-569955
51983005,-676674
51983654,-1056957
51987651,-1095944
52003829,-735615
52003833,-974676
52003864,-985616
52004745,-1051386
52013015,-652678
52013103,-970719
52013145,-974623
52014671,-1071721
52021736,-653189
52022151,-1007850
52022190,-1030861
52022754,-1065770
52025581,-1074425
52028617,-1064962
52038875,-703076
52038902,-1037965
52041233,-1055950
52048171,-698181
52048179,-778913
52048309,-888308
52048648,-998251
52051033,-1029479
52056091,-1037843
52062446,-694020
52062446,-815619
52062473,-865697
52069709,-982972
52074748,-959378
52084423,-732652
52084827,-851359
52089717,-866772
52104377,-693439
52105041,-743647
52108398,-819206
52114730,-852048
52120254,-859878
52155971,-787251
52159160,-808055
52161819,-799943
52120254,-859878
52120193,-635529
52116161,-610722
52114913,-609286
52113983,-608993
52093326,-621402
52084049,-631319
52067962,-769358
52067951,-744469
52067913,-677623
52053199,-824177
52053161,-698054
52052749,-663807
52051311,-656704
52041957,-619046
52034446,-614947
52031074,-613346
52022151,-1007850
52021736,-653189
52020912,-633247
52001991,-976918
52001949,-678315
52001331,-656132
51996383,-571230
51991905,-1077158
51991867,-619990
51990589,-558888
51988609,-531966
51981521,-1006433
51981418,-612769
51980892,-535291
51980766,-533854
51978187,-518984
51972774,-1091250
51972774,-768793
51972126,-607843
51971656,-595793
51968311,-586665
51961418,-1044587
51961357,-685593
51959159,-617851
51950172,-872940
51950134,-777416
51948753,-597014
51940448,-877199
51940387,-839250
51940303,-837314
51938377,-828068
51936206,-829566
51924758,-1043265
51924758,-929361
51923877,-854956
51912822,-792155
51911239,-792240
