52004467,-588251
52007911,-607229
52015514,-611554
52057750,-544856
52057994,-561709
52060874,-644514
52076206,-633252
52077541,-631882
52118209,-551549
52118934,-590523
52172595,-527351
52172733,-564680
52178756,-605262
52188312,-639121
52195785,-645258
52220165,-626290
52224590,-591997
52210708,-533540
52208984,-529543
52100749,-555166
52100650,-521666
52099319,-504508
52086608,-493650
52084728,-492179
52069004,-633093
52068965,-610495
52068744,-509250
52068130,-505535
52067218,-505554
52066822,-505871
52034214,-594457
52033107,-550773
52029483,-542785
52017261,-551139
52007011,-566550
