52091609,-383857
52224937,-556849
52227684,-572704
52235473,-573611
52247669,-380331
52248619,-481534
52250400,-554587
52254219,-572146
52272598,-414525
52273578,-464792
52276374,-491596
52283302,-508642
52288871,-517633
52294109,-520010
52304222,-511415
52304649,-510388
52283683,-424509
52282402,-402051
52247203,-488203
52245834,-419331
52241977,-359554
52226856,-518015
52226554,-412535
52225303,-351204
52210567,-304444
52205051,-291819
52201114,-291253
52179763,-422538
52178951,-315680
52177757,-313268
52167892,-305687
52133777,-375011
52133697,-351870
52132728,-332137
52132144,-331560
52128871,-329652
52103782,-363442
