51957633,-432093
51987991,-517059
51988964,-790893
51993564,-805422
52002277,-469751
52002296,-799508
52002544,-805430
52003486,-809615
52007495,-811447
52013088,-807744
52017318,-768864
52025421,-499876
52026046,-560072
52026470,-594511
52029033,-602841
52057983,-494657
52057994,-561709
52060874,-644514
52073276,-446561
52073280,-525412
52073390,-597896
52073917,-628755
52079925,-704542
52092029,-459515
52092090,-529127
52096141,-597344
52115371,-482472
52115386,-505358
52115528,-555038
52126724,-686664
52129112,-753001
52136562,-460186
52136734,-706431
52136920,-710196
52137435,-713746
52144268,-759817
52145313,-761819
52149044,-760985
52151695,-757462
52159099,-447303
52159111,-703853
52159179,-708251
52160140,-746087
52175563,-315048
52175830,-660664
52176334,-703352
52177947,-715970
52185417,-405091
52185504,-520591
52186626,-606874
52188327,-699200
52206043,-433052
52206058,-622364
52215003,-378387
52215080,-456403
52215133,-464086
52216026,-562026
52218955,-622668
52220165,-626290
52236412,-429625
52237094,-536640
52243175,-557341
52245056,-561059
52254219,-572146
52272598,-414525
52273578,-464792
52276374,-491596
52283302,-508642
52288871,-517633
52294109,-520010
52304222,-511415
52304649,-510388
52283683,-424509
52282402,-402051
52247203,-488203
52245834,-419331
52241977,-359554
52226856,-518015
52226554,-412535
52225303,-351204
52209857,-548819
52209735,-404791
52207336,-308080
52205051,-291819
52201114,-291253
52179763,-422538
52178951,-315680
52177757,-313268
52160861,-703539
52160789,-463969
52160381,-360724
52160194,-348698
52156471,-318619
52151279,-315307
52146842,-314963
52133838,-483788
52133777,-375011
52133697,-351870
52132728,-332137
52132144,-331560
52128871,-329652
52112770,-486256
52112728,-458056
52112632,-433218
52112285,-423416
52103782,-363442
52091037,-596687
52090793,-462454
52089061,-405376
52075481,-592782
52075355,-449438
52073501,-396856
52071247,-388559
52059997,-379222
52041816,-554778
52041358,-487154
52036373,-419498
52032100,-404518
52014003,-765083
52013965,-503261
52013591,-431638
52012546,-378430
52009532,-375203
51996952,-780060
51996948,-502240
51996486,-451172
51993141,-386880
51963157,-420343
51961719,-422387
51958347,-428982
