55490905,-3929121
55580181,-3806880
55583244,-3860375
55588878,-3889431
55599365,-3921713
55607009,-3943154
55636928,-3750437
55637054,-3885569
55637100,-3887732
55637428,-3896565
55642593,-3985484
55650829,-3986346
55653671,-3974664
55665222,-3784421
55665340,-3921193
55666267,-3947871
55679122,-3775305
55679775,-3934973
55686466,-3920082
55742622,-3629176
55743930,-3672435
55753055,-3702240
55777870,-3707898
55779441,-3676634
55700458,-3652913
55700374,-3623964
55700244,-3615382
55693267,-3501243
55687210,-3887829
55687141,-3718193
55686550,-3626302
55685279,-3543312
55677917,-3927153
55677894,-3775126
55677608,-3761734
55671745,-3607035
55670055,-3607554
55656806,-3943252
55656681,-3764799
55656192,-3721319
55638404,-3886619
55638324,-3839124
55638114,-3799378
55636928,-3750437
55636192,-3741413
55598514,-3886767
55598167,-3780421
55598041,-3778957
55597797,-3777264
55580619,-3770094
55553936,-3861831
55553741,-3843178
55553161,-3842021
55552467,-3840755
55551856,-3840679
