55374309,-3634407
55395195,-3781613
55400012,-3790879
55404098,-3796560
55475288,-3822630
55477458,-3788758
55478584,-3486946
55490394,-3737363
55495304,-3774686
55499202,-3779674
55503406,-3427320
55529697,-3663155
55533470,-3679128
55546455,-3685863
55564998,-3535927
55568351,-3653783
55572608,-3686969
55585666,-3401540
55598381,-3391582
55598690,-3592667
55598720,-3593811
55598865,-3597197
55608135,-3690795
55617767,-3740349
55625080,-3739157
55645988,-3575788
55646144,-3685123
55661453,-3527700
55675331,-3555244
55678470,-3519105
55676628,-3490602
55495304,-3774686
55495075,-3691235
55475288,-3822630
55474246,-3648873
55469482,-3418801
55466361,-3651818
55458641,-3642402
55419486,-3634977
