55374309,-3634407
55395195,-3781613
55400012,-3790879
55404098,-3796560
55493995,-3692612
55534431,-3923599
55538223,-3878426
55546455,-3685863
55549839,-3852221
55553936,-3861831
55558452,-3870259
55562343,-3829166
55572608,-3686969
55609939,-4131321
55611793,-4132152
55616565,-3536180
55616733,-3892724
55621517,-3405947
55621669,-4160943
55622859,-4163821
55624797,-4164230
55626125,-4128800
55630737,-3536306
55630920,-4186299
55632129,-4143091
55635742,-3468191
55635799,-3891705
55649353,-3954500
55650466,-4058104
55651363,-4128755
55663539,-3914523
55663604,-4036647
55663757,-4149303
55671119,-3787771
55671226,-3919510
55671417,-4062306
55672428,-4113662
55676628,-3490602
55676643,-3920109
55676692,-4064317
55676795,-4077921
55677181,-4103930
55685661,-3775506
55685848,-4064561
55685871,-4068476
55688114,-4089535
55691810,-4123364
55699249,-3629740
55699279,-4028142
55699348,-4030597
55704151,-4093904
55707843,-4128022
55717536,-3586389
55738330,-3668531
55740276,-3973732
55743930,-3672435
55753055,-3702240
55763980,-3699751
55769302,-3958652
55772209,-3986873
55781532,-4013119
55785499,-4022271
55802196,-4050986
55827514,-3955095
55827751,-3982952
55829589,-3993663
55832118,-3995062
55834835,-3992127
55843914,-3907697
55831787,-3892716
55805526,-4002789
55805473,-3913060
55803554,-3894346
55803089,-3893541
55802314,-3893009
55802066,-3893507
55781181,-3997249
55781131,-3982049
55779441,-3676634
55778476,-3643029
55769985,-3960439
55769939,-3685376
55769905,-3602720
55712413,-4094840
55712257,-3740578
55708549,-3581727
55707244,-3567733
55695583,-3804181
55695579,-3690401
55695358,-3569739
55693267,-3501243
55689006,-4057282
55688945,-3665456
55688804,-3606606
55685279,-3543312
55680709,-4055765
55680603,-3764795
55678470,-3519105
55676628,-3490602
55671707,-4064850
55671707,-3785734
55671283,-3607811
55670055,-3607554
55663604,-4036647
55651924,-3910236
55651592,-3787727
55642593,-3641640
55642551,-3497141
55641292,-3465284
55626010,-3639009
55625720,-3514190
55621517,-3405947
55616733,-3892724
55616565,-3536180
55614665,-3407989
55609939,-4131321
55609737,-3558314
55609649,-3515541
55567344,-3599755
55564998,-3535927
55540317,-3679309
55538524,-3420495
55520915,-3412019
55503406,-3427320
55495304,-3774686
55495075,-3691235
55475288,-3822630
55474246,-3648873
55469482,-3418801
55466361,-3651818
55458641,-3642402
55419486,-3634977
