51526664,-84031
51526729,-84850
51530483,-125652
51537811,-130658
51563388,-145061
51598682,-63140
51598697,-148672
51598777,-156586
51601886,-174318
51611629,-196752
51614585,-203062
51615154,-203170
51615928,-203226
51621597,-196501
51623928,-193707
51645748,-146009
51649826,-128788
51649730,-127806
51620029,-76691
51619754,-48075
51619068,-45154
51609771,-36050
51608493,-36061
51587253,-148478
51587245,-84558
51587181,-57162
51586822,-53943
51586456,-52487
51565883,-60725
51559425,-63337
51528179,-78272
51527812,-78941
51527027,-81120
