54889057,-1742403
54892997,-1820082
54899600,-1831202
54905448,-1836059
54925136,-1685190
54925334,-1806301
54925514,-1842234
54930088,-1843356
54938114,-1563063
54938121,-1678031
54938152,-1682559
54938270,-1697355
54938457,-1700366
54953594,-1548123
54953620,-1642590
54953712,-1684435
54954067,-1689898
54978427,-1746768
54981422,-1847641
54984130,-1880899
55019161,-1570534
55019374,-1824131
55019680,-2016266
55024856,-1572710
55024936,-1972205
55025238,-1997701
55040016,-1631165
55040084,-1853302
55040504,-2015132
55073730,-1690696
55073776,-1702520
55075893,-2035679
55077575,-2028569
55095596,-1914509
55096458,-2022566
55099922,-2035747
55251251,-2179757
55255607,-2257746
55258182,-2263804
55298824,-2275871
55308132,-2349393
55318130,-2411974
55339595,-2455033
55165992,-2051300
55164474,-2009968
55125862,-1931552
55099922,-2035747
55089256,-1937584
55088054,-1664313
55083942,-1649779
55063621,-2028622
55063339,-1675730
55062789,-1632006
55062255,-1630100
55040138,-1554802
55037151,-1548170
55024543,-1529573
55021144,-1525874
55020027,-1528655
55010227,-1557588
55009506,-1567666
55000732,-1825557
55000183,-1752197
54999763,-1728111
54980632,-1677709
54980319,-1615713
54980148,-1609855
54979366,-1605926
54952224,-1686149
54952213,-1539239
54952007,-1531669
54950736,-1526547
54949268,-1521068
54943229,-1505249
54936920,-1513862
54918941,-1808812
54918796,-1623912
54917636,-1608899
54913841,-1602370
54909095,-1602182
54896118,-1630220
