54939735,-1762341
54940212,-1762399
54972980,-1746616
54974803,-1737825
54986640,-1536501
54986640,-1602978
54986652,-1606683
54987762,-1610484
54990211,-1611946
55000431,-1615865
55002010,-1607173
55015933,-1452293
55015972,-1489215
55016105,-1511515
55021587,-1774572
55022617,-1925659
55028903,-1509498
55028915,-1749220
55028957,-1766068
55030864,-1921326
55034057,-1969727
55038345,-1445713
55038349,-1748535
55038589,-1931419
55039352,-1952182
55044029,-1492114
55044040,-1578092
55044071,-1747779
55046745,-1969670
55051364,-1453454
55051364,-1773936
55053119,-1993379
55059291,-1593791
55059402,-1953583
55062240,-2009958
55066837,-1521310
55066886,-1546238
55067932,-1940467
55068565,-1993910
55076042,-1627890
55076496,-1766779
55077793,-1986562
55085689,-1612432
55085842,-1798540
55089157,-1861176
55092010,-1891734
55097747,-1898473
55110507,-1629169
55111164,-1826425
55111808,-1895240
55118618,-1519845
55118644,-1616692
55119041,-1883023
55120990,-1894777
55126930,-1528810
55127124,-1592978
55127513,-1642874
55141017,-1632730
55154281,-1577102
55156246,-1564292
55159866,-1527652
55089187,-1570003
55089046,-1487173
55088893,-1485231
55084819,-1471734
55060390,-1756241
55060237,-1460628
55060096,-1456810
55040073,-1432890
55037937,-1431558
55037685,-1431483
55029445,-1759072
55029441,-1531957
55029087,-1461704
55028835,-1461019
55026790,-1455917
55022323,-1451542
55006702,-1441678
54993827,-1450093
54992557,-1452800
54989887,-1464697
54949768,-1734552
54949764,-1728229
54949710,-1716333
54948242,-1699560
54941593,-1711879
54941440,-1714970
