54871887,-1564090
54900352,-1784512
54900421,-1791809
54900718,-1792463
54908950,-1520159
54908962,-1765375
54916721,-1787855
54928100,-1506074
54928138,-1779869
54928436,-1784924
54929275,-1786667
54934238,-1794272
54934463,-1794240
54954967,-1477810
54955101,-1494266
54996620,-1435878
54996662,-1628797
54996757,-1636470
54996826,-1639299
54997291,-1644172
54999198,-1663523
55001266,-1667570
55010459,-1678487
55015926,-1675503
55021488,-1665948
55033920,-1443397
55033950,-1622335
55034374,-1624850
55035747,-1625494
55040904,-1621315
55041557,-1609087
55037521,-1434521
55037067,-1431883
55022155,-1619848
55022106,-1422695
55017662,-1419740
55015312,-1419070
55014793,-1419125
55004989,-1664381
55004985,-1603752
55004726,-1434216
55003341,-1418149
55003074,-1417136
54981884,-1519805
54981861,-1417740
54981784,-1398710
54981666,-1393102
54981033,-1388533
54980445,-1385605
54977016,-1377565
54969940,-1374830
54944099,-1461949
54944072,-1442639
54944019,-1430791
54944000,-1426920
54943862,-1422317
54942516,-1421353
54937465,-1421035
54933975,-1429638
54924671,-1779763
54924629,-1510595
54924327,-1509100
54923992,-1508496
54903656,-1476119
54888561,-1497797
54882678,-1509326
54874629,-1526176
