54909351,-2153319
54921958,-2179048
54928607,-2181076
54954788,-2077387
54955242,-2163175
54965709,-2194284
54986137,-2078963
54986225,-2106419
54988052,-2203269
54992229,-2203243
55010402,-2038153
55011444,-2112835
55013950,-2131294
55017707,-2147367
55052795,-2180994
55060787,-2173562
55078853,-2048995
55085075,-2067456
55091857,-2081898
55082565,-2054780
55078853,-2048995
55050552,-2128237
55050189,-2069041
55045883,-2050394
55039577,-2046161
55010192,-2131907
55008670,-2086497
55004310,-2033020
54995227,-2033637
54952339,-2106049
54951381,-2074726
54948402,-2069693
54943660,-2062629
54930400,-2052121
54920402,-2064028
54911354,-2081499
