54797737,-2219732
54832000,-2244592
54833805,-2328716
54850456,-2361123
54880287,-2126105
54881847,-2353719
54886074,-2365541
54888851,-2370867
54965259,-2341130
54965961,-2368641
54967952,-2392479
54970138,-2394969
55013435,-2235954
55013988,-2381107
55016075,-2392527
55028747,-2366199
55044109,-2302441
55019813,-2282302
55017700,-2167699
55007095,-2168296
55004028,-2174381
54979335,-2342968
54979244,-2260705
54979068,-2257798
54977771,-2237588
54975521,-2221484
54925312,-2275975
54924312,-2047511
54921829,-2028130
54909790,-2264623
54909198,-2044233
54907100,-2019074
54898448,-2011305
54897792,-2014844
54889541,-2334768
54889320,-2271379
54889156,-2248462
54869812,-2270750
54868789,-2128546
54863582,-2132425
54856933,-2147045
54842483,-2320083
54840950,-2241392
54838489,-2149407
54823326,-2308523
54821037,-2248370
54819679,-2234900
54818553,-2232372
54806053,-2218843
54803134,-2215779
54799102,-2215430
