55029029,-2349666
55057075,-2232548
55057163,-2281358
55085971,-2203577
55086570,-2221299
55090488,-2300990
55095230,-2329873
55118171,-2207081
55118278,-2284032
55142021,-2287447
55143112,-2383153
55154735,-2145269
55154811,-2317089
55165477,-2424274
55170902,-2614732
55176189,-2171050
55176525,-2393947
55177005,-2459034
55209014,-2389679
55223659,-2345791
55233840,-2580261
55234470,-2588997
55247215,-2603610
55264179,-2621774
55272930,-2530165
55238414,-2304733
55196136,-2287398
55192558,-2237170
55185131,-2140872
55180194,-2110564
55169071,-2305397
55168422,-2151378
55165069,-2128746
55156364,-2099199
55113300,-2060967
55106113,-2065705
55092632,-2288048
55092628,-2172620
55082023,-2084776
