54797737,-2219732
54929576,-2105083
54929798,-2458328
54929954,-2492899
54936534,-2125283
54936889,-2297047
54940319,-2517911
54944366,-1977036
54944557,-2476893
54945102,-2541624
54949596,-1977315
54949676,-2302902
54950492,-2506520
54954837,-1935480
54954902,-2326005
54956333,-2472645
54960372,-1859589
54960399,-2117377
54960460,-2308075
54960929,-2443651
54961540,-2470458
54964866,-1790883
54964916,-2471199
54964927,-2497658
54967742,-1656491
54967746,-2458752
54967842,-2471890
54970722,-2508196
54975631,-2019216
54975639,-2116530
54975654,-2249184
54975669,-2345405
54975681,-2348889
54975833,-2357733
54977916,-2450338
54978679,-2462673
54981391,-1662625
54981403,-2002688
54981693,-2354863
54982921,-2483083
54986087,-1661195
54986114,-2077790
54986248,-2422818
54986438,-2458513
55003288,-2194982
55003475,-2432552
55005023,-2438884
55012474,-2084926
55013988,-2381107
55016082,-2454175
55037544,-2127460
55037605,-2216882
55059898,-2099570
55060142,-2211368
55069171,-2326261
55075649,-2364324
55086467,-2124577
55086570,-2221299
55090488,-2300990
55206554,-2313698
55208095,-2367640
55223659,-2345791
55233840,-2580261
55234470,-2588997
55247215,-2603610
55264179,-2621774
55272930,-2530165
55238414,-2304733
55196136,-2287398
55192558,-2237170
55185131,-2140872
55180194,-2110564
55169071,-2305397
55168422,-2151378
55165069,-2128746
55156364,-2099199
55113300,-2060967
55106113,-2065705
55092632,-2288048
55092628,-2172620
55091857,-2081898
55082565,-2054780
55078853,-2048995
55062335,-2206761
55062175,-2107999
55059898,-2099570
55045883,-2050394
55039577,-2046161
55026638,-2298821
55025371,-2124136
55023754,-2078646
55011962,-1952636
55010368,-1939723
54997997,-2131429
54997882,-2092382
54996810,-1946183
54989444,-2391330
54989242,-1651901
54988609,-1650156
54987911,-1648240
54979217,-2011937
54979190,-1659315
54979125,-1648926
54978706,-1632165
54978183,-1630685
54977863,-1629891
54977737,-1629580
54974597,-2359596
54974597,-2018685
54974590,-1634358
54974338,-1628737
54973484,-1622591
54972141,-1621430
54970783,-1621021
54963798,-1623320
54957214,-2369607
54957153,-1872124
54956951,-1766548
54956752,-1766659
54955932,-1768085
54955097,-1769682
54951702,-2496620
54951683,-1794527
54951622,-1785189
54949283,-1774024
54943580,-2305805
54943550,-2018530
54943393,-1900735
54942749,-1804469
54938697,-1805363
54933456,-2261424
54933357,-1902132
54929931,-1869167
54917564,-2089982
54892150,-2269294
54890895,-2157958
54885917,-2111672
54869812,-2270750
54868789,-2128546
54863582,-2132425
54856933,-2147045
54842483,-2320083
54840950,-2241392
54838489,-2149407
54823326,-2308523
54821037,-2248370
54819679,-2234900
54818553,-2232372
54806053,-2218843
54803134,-2215779
54799102,-2215430
