55095214,-1650668
55096973,-1697067
55124816,-1713792
55124877,-1814856
55125995,-1917564
55127677,-1933337
55138484,-1667639
55138813,-1839105
55145259,-1949279
55147583,-1963020
55156803,-1690306
55157005,-1980667
55161777,-1991730
55165702,-1983457
55174579,-1706057
55174598,-1773255
55174911,-1937638
55175262,-1967124
55176094,-1998777
55195461,-1887701
55195495,-1898901
55196586,-1948005
55198951,-1972886
55225173,-1560663
55225177,-1704631
55228096,-1908597
55234371,-1542306
55234588,-1704875
55234855,-1871441
55242961,-1971111
55256130,-1999153
55265373,-1651191
55269306,-1888673
55272144,-1600421
55280941,-1633770
55288543,-1623025
55292087,-1607197
55292022,-1574019
55258426,-1909551
55257720,-1578256
55257091,-1569893
55234588,-1704875
55234371,-1542306
55234321,-1536426
55227874,-1527586
55213214,-1530385
55210369,-1539627
55198657,-1726837
55198547,-1627441
55197315,-1627012
55196994,-1627958
55187503,-1867274
55187194,-1662868
55180290,-1608485
55149761,-1684962
55148796,-1652836
55145179,-1645039
55111907,-1716299
55110454,-1669549
55110309,-1665851
