55193439,-1798045
55237785,-1820120
55239219,-1850401
55281372,-1785100
55281475,-1847315
55282516,-2056898
55290992,-1706631
55291004,-2043100
55296634,-1603388
55296768,-1712054
55305145,-1916218
55305919,-2007375
55306434,-2062446
55314720,-1579018
55314754,-1958171
55316799,-2084994
55325233,-1776069
55325729,-1961800
55327487,-2077656
55331527,-2096989
55335975,-1572744
55336040,-2105655
55337089,-2114864
55342487,-1611508
55350410,-2174482
55350528,-2172227
55356533,-1659996
55356945,-2089953
55358783,-2114579
55364376,-1623535
55364734,-2089135
55368839,-2214069
55373462,-1971001
55384983,-2288845
55424263,-2180037
55384983,-2288845
55357963,-2070539
55357906,-1659764
55352756,-1600383
55336910,-1572150
55334381,-1568505
55319625,-1550921
55317913,-1551996
55310512,-1906455
55310466,-1645818
55310390,-1635074
55309722,-1580729
55307353,-1572263
55294414,-1782620
55294361,-1713708
55294242,-1603569
55294235,-1600640
55293930,-1596124
55291374,-1597803
55291027,-1600515
55282516,-2056898
55208507,-1762393
55195014,-1789162
