55347400,-1820838
55350044,-1846594
55369831,-1697308
55369888,-1750131
55369998,-1761049
55372409,-1929015
55378334,-2014222
55392665,-2028340
55398551,-1633016
55398593,-1687378
55398975,-1859336
55399524,-1894482
55401889,-1937868
55405300,-1997176
55413948,-1715894
55413970,-1795202
55414077,-1891647
55415248,-2063060
55422935,-1581949
55422935,-1911056
55424144,-1936364
55432350,-1613961
55432514,-1900494
55435562,-2117347
55439865,-2059164
55445705,-1632642
55445987,-1915320
55447593,-1967895
55456882,-1676560
55457443,-1760679
55471687,-1607819
55471778,-1846992
55472297,-2013782
55477512,-2041201
55487857,-1680785
55489662,-1942083
55491001,-1976502
55504409,-2005165
55511550,-1673563
55512653,-1961383
55515823,-1959051
55525833,-1949997
55579654,-1897141
55585258,-1914259
55593738,-1937519
55596504,-1919662
55527870,-1904214
55515445,-1621082
55514633,-1619934
55514282,-1619604
55511363,-1618049
55504409,-2005165
55502380,-1661702
55500648,-1621652
55489662,-1942083
55478961,-1606639
55473953,-1594350
55473571,-1593658
55472061,-1592468
55470848,-1592926
55469108,-1593798
55464668,-1598778
55453929,-1904535
55453723,-1595887
55453247,-1593756
55448886,-1589705
55423007,-1855618
55422935,-1581949
55421718,-1580698
55399364,-1689820
55399303,-1631651
55398254,-1604503
55396678,-1606019
55390522,-2009327
55390426,-1611764
55388233,-1611359
55386783,-1611168
55382862,-1617851
55380695,-1626742
55379962,-1631105
55372409,-1929015
55372325,-1689163
55372280,-1636352
55365978,-1663544
55360389,-1858968
