54962570,-1557268
54965747,-1578773
54971004,-1587090
55120632,-1813323
55125995,-1917564
55127677,-1933337
55138484,-1667639
55138813,-1839105
55145259,-1949279
55147583,-1963020
55156803,-1690306
55157005,-1980667
55161777,-1991730
55165702,-1983457
55171360,-1559167
55171436,-1691354
55171829,-1940312
55176094,-1998777
55180683,-1526009
55180683,-1572600
55180835,-1717286
55183685,-1989339
55187061,-1965685
55193305,-1533179
55193439,-1798045
55194854,-1993294
55203975,-1624923
55204250,-1792976
55204936,-1844606
55216514,-1589112
55216587,-1772246
55216609,-1800899
55220142,-1868455
55234588,-1704875
55234855,-1871441
55242961,-1971111
55253196,-1676751
55253711,-1865953
55256130,-1999153
55266963,-1730004
55267005,-1871384
55280261,-1911626
55282516,-2056898
55290992,-1706631
55291004,-2043100
55296634,-1603388
55296768,-1712054
55305145,-1916218
55305919,-2007375
55306434,-2062446
55314720,-1579018
55314754,-1958171
55316799,-2084994
55325233,-1776069
55325729,-1961800
55327487,-2077656
55331527,-2096989
55335975,-1572744
55336040,-2105655
55337089,-2114864
55342487,-1611508
55350410,-2174482
55350528,-2172227
55356533,-1659996
55356945,-2089953
55358783,-2114579
55364376,-1623535
55364734,-2089135
55368839,-2214069
55373447,-1689280
55373462,-1971001
55380695,-1626742
55380954,-1820008
55381412,-1942461
55382484,-2140927
55384983,-2288845
55389205,-1613198
55389369,-1952457
55390228,-2211549
55391731,-2269762
55397468,-1868483
55424144,-1936364
55424263,-2180037
55431373,-1660682
55432186,-2046542
55435562,-2117347
55439865,-2059164
55445705,-1632642
55445987,-1915320
55447593,-1967895
55456882,-1676560
55457443,-1760679
55471687,-1607819
55471778,-1846992
55472297,-2013782
55477512,-2041201
55487857,-1680785
55489662,-1942083
55491001,-1976502
55511363,-1618049
55511550,-1673563
55512653,-1961383
55515823,-1959051
55526348,-1728073
55527416,-1907130
55528507,-1911959
55530727,-1918259
55567771,-1693696
55568851,-1881851
55572429,-1893195
55587371,-1691845
55588813,-1923184
55593738,-1937519
55596504,-1919662
55607917,-1715399
55608539,-1753634
55610214,-1756576
55613574,-1748236
55643775,-1610836
55568260,-1644439
55557434,-1630540
55552539,-1625164
55551261,-1624272
55527416,-1907130
55527221,-1778331
55526157,-1706913
55522373,-1627858
55514633,-1619934
55514282,-1619604
55511363,-1618049
55504409,-2005165
55503479,-1711894
55502380,-1661702
55500648,-1621652
55491001,-1976502
55490913,-1729837
55489044,-1632159
55478961,-1606639
55473953,-1594350
55473571,-1593658
55472061,-1592468
55470848,-1592926
55469108,-1593798
55464668,-1598778
55453929,-1904535
55453723,-1595887
55453247,-1593756
55448886,-1589705
55423007,-1855618
55422935,-1581949
55421718,-1580698
55399364,-1689820
55399303,-1631651
55398254,-1604503
55396678,-1606019
55390522,-2009327
55390426,-1611764
55388233,-1611359
55386783,-1611168
55382862,-1617851
55380695,-1626742
55379962,-1631105
55372409,-1929015
55372325,-1689163
55372280,-1636352
55352756,-1600383
55336910,-1572150
55334381,-1568505
55319625,-1550921
55317913,-1551996
55310512,-1906455
55310466,-1645818
55310390,-1635074
55309722,-1580729
55307353,-1572263
55294414,-1782620
55294361,-1713708
55294242,-1603569
55294235,-1600640
55293930,-1596124
55292022,-1574019
55281372,-1785100
55281291,-1735637
55280941,-1633770
55272144,-1600421
55258148,-1773583
55257720,-1578256
55257091,-1569893
55234588,-1704875
55234371,-1542306
55234321,-1536426
55227874,-1527586
55203975,-1624923
55201187,-1528028
55193286,-1879413
55193096,-1647032
55192668,-1530218
55191154,-1509172
55187576,-1504190
55186809,-1503132
55174522,-1516065
55167266,-1875111
55167259,-1692642
55167247,-1588237
55166107,-1526025
55151916,-1687566
55151763,-1647507
55151496,-1602412
55151348,-1597863
55141052,-1827880
55140979,-1657140
55135524,-1650567
54990524,-1576872
54990215,-1547806
54989261,-1540660
54987773,-1539207
54982830,-1536264
54967807,-1537515
54965484,-1540992
54962867,-1549831
