55491058,-2081777
55523056,-1994967
55528236,-2177947
55532413,-2197103
55544727,-2013633
55544727,-2023189
55548305,-2168036
55549331,-2201958
55563381,-1978822
55563442,-2070718
55564384,-2164918
55579322,-2156575
55596668,-2027346
55596733,-2107403
55609840,-2127313
55614208,-2110769
55612743,-2036104
55605594,-2018829
55570236,-2140616
55568885,-2058945
55563381,-1978822
55562191,-1962096
55559825,-1935083
55532413,-2197103
55532302,-2043112
55532192,-1999846
55531879,-1995679
55523727,-1980807
55512676,-2002047
