54977924,-1578848
54991504,-1593147
55006874,-1599573
55008800,-1595161
55539440,-1970389
55563381,-1978822
55563442,-2070718
55564384,-2164918
55579322,-2156575
55591812,-1818808
55592555,-2097079
55596733,-2107403
55611057,-1856405
55611469,-2070472
55614208,-2110769
55622280,-1864796
55628730,-1904430
55649845,-1873536
55646987,-1850792
55585258,-2106943
55585243,-2004954
55583805,-1759230
55577472,-1747722
55568885,-2058945
55568656,-1770724
55567546,-1761930
55565685,-1757358
55562664,-1755252
55520812,-2032948
55003608,-1576437
55003547,-1571826
55003269,-1561949
55000656,-1560148
54998435,-1560141
54997600,-1560650
