52831390,-1120211
52871746,-988267
52871753,-1080856
52881954,-1306903
52883163,-1310718
52897293,-1153202
52897346,-1291955
52897563,-1296783
52898117,-1297562
52917934,-1162585
52917942,-1286578
52918239,-1298531
52918609,-1301782
52921115,-1305847
52925216,-1307744
52929519,-1308717
52931758,-1307372
52932586,-1293954
52939739,-926982
52940391,-1055742
52941246,-1091794
52945106,-1135586
52974853,-1014279
52975170,-1258294
52975959,-1281870
52976646,-1284122
53018218,-1315604
53018241,-1340052
53020614,-1343309
53036396,-1205316
53036491,-1314674
53040760,-1338021
53044292,-1354385
53056499,-1154948
53056800,-1326393
53056922,-1352948
53064559,-1354117
53080211,-1156231
53080242,-1259565
53080280,-1263849
53081367,-1305855
53083435,-1326439
53093227,-1326451
53126766,-1246048
53126773,-1264176
53126853,-1290477
53127063,-1303505
53127086,-1304536
53132911,-1313574
53144317,-1315291
53153244,-1313295
53155597,-1311584
53179634,-1217186
53179767,-1257389
53181182,-1259415
53182159,-1260520
53190929,-1264215
53197792,-1178145
53163318,-1133542
53161300,-1131848
53155601,-1134176
53144878,-1139490
53129371,-1283142
53129360,-1253506
53129207,-1192979
53129055,-1163315
53128475,-1151236
53128219,-1150418
53125961,-1150210
53093692,-1238428
53093360,-1155809
53092163,-1145574
53072040,-1287960
53072017,-1223959
53070610,-1155851
53067821,-1099045
53055091,-1289224
53054763,-1220614
53053016,-1029845
53051738,-956965
53047924,-940483
53034095,-920033
53032272,-927550
53025547,-1331635
53025485,-1188564
53025363,-1059643
53025154,-974693
53022834,-949686
53015922,-1292953
53015777,-1093838
53015769,-1083821
53015609,-1008381
53015419,-957915
53007995,-1296406
53007793,-996476
53007228,-942493
53006282,-944499
52996944,-1242141
52996704,-993768
52996215,-949810
52995094,-925641
52986839,-1223282
52986804,-1038091
52986644,-913010
52984226,-800682
52976551,-1274027
52976192,-887969
52974533,-814979
52973751,-783563
52963344,-1154264
52963268,-855143
52958442,-793446
52954986,-794048
52948101,-1149397
52948085,-1032238
52948066,-969193
52948055,-962496
52947906,-889542
52945873,-800284
52945373,-798140
52943908,-793835
52925846,-1157420
52925830,-983853
52925765,-980049
52922203,-841308
52920997,-799171
52916599,-1294512
52916584,-1122367
52916297,-980433
52913768,-828163
52909667,-640640
52905666,-1186448
52905639,-1029140
52905242,-838816
52904773,-792469
52898807,-1156458
52898654,-858616
52898605,-856937
52894771,-816085
52890071,-1282933
52890037,-1155691
52889728,-1075868
52888820,-908131
52882606,-1273159
52882522,-1143325
52882450,-1050849
52881671,-923825
52873348,-1234952
52873249,-1077927
52872745,-988288
52871940,-986644
52854316,-1264065
52840427,-1033846
52831806,-1097329
