53069713,-1028815
53099285,-1076119
53114383,-1094127
53149677,-993740
53149906,-1037786
53151233,-1056059
53158851,-1069322
53196758,-1001425
53196807,-1020764
53196933,-1024818
53197994,-1041485
53219947,-877922
53220649,-949062
53222976,-1071408
53224056,-1076223
53236125,-827246
53237037,-903112
53242328,-1029286
53246135,-1036408
53257621,-816583
53258266,-892060
53265834,-899076
53271598,-891251
53263587,-787774
53262870,-781776
53260887,-780304
53239025,-785705
53231575,-807130
53219207,-1060184
53217533,-955622
53213031,-898873
53212261,-894310
53206954,-876495
53172187,-948167
53171665,-933638
53165500,-911937
53138832,-1028765
53138683,-938551
53138515,-937521
53126640,-937085
53118228,-939317
53097049,-949481
53075748,-1002226
53074581,-814294
