52969303,-774291
52998634,-757487
52999755,-879406
53005329,-898636
53012966,-915941
53071018,-859840
53072631,-879052
53077156,-910612
53080879,-923626
53115398,-727379
53115772,-809912
53116291,-826609
53120502,-894858
53137733,-761102
53137733,-863039
53142776,-908116
53156604,-892960
53174327,-766138
53174648,-869050
53180046,-894375
53188354,-893742
53222358,-824117
53229228,-834310
53253475,-727197
53253894,-717652
53249572,-678062
53243766,-670419
53229228,-834310
53228218,-730073
53226718,-682896
53218490,-689474
53177928,-849572
53176860,-765528
53172470,-742958
53167583,-728334
53147720,-846087
53147632,-759666
53147277,-750824
53146343,-745438
53135456,-721659
53114856,-905703
53114807,-773983
53107841,-771386
53017196,-815465
53015686,-783428
53013168,-747784
53011280,-730921
53006805,-710977
52989727,-733728
52970245,-760088
