52908893,-1146418
52909637,-1149794
52911476,-1154323
52930122,-1198353
52930141,-1198348
52948215,-1151658
52954051,-1135854
52954288,-1134941
53007503,-839860
53007537,-897477
53012966,-915941
53042598,-922088
53046531,-1066179
53054199,-1072981
53063575,-822013
53063648,-844246
53064167,-964694
53067569,-1132032
53071338,-1132494
53078773,-807143
53078777,-953803
53079067,-1130696
53085391,-773773
53085506,-957716
53085559,-990831
53085994,-1120419
53087963,-1133742
53095912,-1170006
53100860,-1162548
53104492,-1155650
53120502,-894858
53120910,-1122979
53121337,-1137047
53126914,-1143077
53130245,-1143163
53132110,-1138938
53140197,-737635
53140319,-1035952
53140518,-1038504
53141941,-1055335
53157527,-1128440
53161029,-1129460
53162536,-1128623
53168838,-1120596
53169204,-1119886
53176040,-803748
53176208,-1035447
53176296,-1066476
53176628,-1100538
53176753,-1106505
53182533,-1151681
53183891,-1160557
53219207,-1060184
53219490,-1135764
53220573,-1225170
53230037,-982719
53230285,-1197986
53230506,-1206581
53235225,-1225761
53243099,-854898
53243366,-1211184
53246395,-1187286
53267024,-893483
53271598,-891251
53263587,-787774
53262870,-781776
53249572,-678062
53243415,-1158255
53243179,-723741
53242546,-708835
53240497,-678177
53229518,-900967
53229228,-834310
53228218,-730073
53226718,-682896
53217533,-955622
53217124,-828365
53216011,-795282
53213787,-746944
53213138,-742290
53212116,-748819
53206760,-1154376
53206714,-1007647
53206592,-813993
53200038,-1147563
53199943,-1010017
53197357,-825729
53195072,-754764
53185955,-1057870
53185947,-818094
53185684,-756380
53167549,-941698
53167308,-734392
53167118,-732147
53163833,-731646
53154617,-995075
53154586,-806019
53153530,-755308
53153034,-751106
53147850,-729156
53138832,-1028765
53138740,-763151
53135456,-721659
53125820,-1041552
53125686,-813067
53123424,-739067
53117023,-1099735
53116981,-808526
53115398,-727379
53113433,-733667
53107688,-1130881
53107669,-1042792
53107040,-818510
53105987,-747838
53105430,-729211
53099708,-1105772
53099662,-930042
53099472,-761768
53099388,-745222
53088897,-992157
53088855,-802583
53088665,-787792
53087116,-734142
53078582,-714566
53075115,-718148
53067569,-1132032
53067562,-830620
53067501,-784102
53063476,-721075
53062824,-717319
53061862,-717410
53061687,-718487
53055282,-1064378
53055271,-776688
53055145,-772543
53019676,-889177
53019351,-816107
53013168,-747784
53011280,-730921
53006805,-710977
52989727,-733728
52970245,-760088
52969303,-774291
52951175,-1133589
52951148,-1122561
52950855,-1115363
52950382,-1112694
52949958,-1111258
52945320,-1105788
52928226,-1096247
52918254,-1100679
52917102,-1101342
