52839729,-780125
52851783,-819913
52858852,-837738
52933040,-730815
52936332,-755582
52950164,-525132
52950729,-724626
52950775,-734672
52959880,-737279
52971450,-508309
52971691,-723711
52975467,-737019
52989601,-530716
52989612,-677953
52989925,-680983
53002010,-693341
53016174,-521004
53016277,-656373
53026985,-673084
53049964,-645375
53049903,-623789
53045425,-537635
53040702,-533066
53015468,-654848
53012142,-590961
53003097,-531708
52994430,-510542
52978080,-719204
52977996,-594708
52976486,-504070
52968055,-481608
52918239,-532925
52911529,-572575
52897567,-757154
52896694,-679757
52883178,-662348
52859260,-785043
52858425,-698564
52854724,-690357
52844371,-746661
