52745731,-478873
52745868,-539535
52780582,-529374
52780849,-610511
52781154,-628071
52784900,-689133
52793613,-699994
52794673,-701107
52819133,-546207
52819805,-631343
52820182,-668528
52820243,-669253
52825145,-703536
52867824,-631802
52870986,-672767
52882900,-693165
52895507,-566190
52909667,-640577
52913497,-520217
52875175,-474824
52873462,-473057
52834732,-671453
52829307,-480038
52826850,-459463
52796741,-692411
52795471,-528101
52791515,-490090
52791320,-489489
52786952,-483249
52777084,-479773
52759849,-641381
52759792,-537024
52759040,-483018
