52745731,-478873
52745868,-539535
52780582,-529374
52780849,-610511
52781154,-628071
52784900,-689133
52793613,-699994
52794673,-701107
52819133,-546207
52819805,-631343
52820182,-668528
52820243,-669253
52825145,-703536
52844062,-541069
52844211,-646367
52844371,-746661
52850517,-807696
52851783,-819913
52859226,-499565
52859260,-785043
52861186,-830664
52870132,-376006
52870800,-780085
52873870,-818860
52879043,-342950
52892269,-451763
52892284,-507669
52892520,-759557
52892810,-772571
52894737,-782654
52897563,-791703
52902595,-336476
52902667,-661496
52902709,-666222
52903331,-697100
52931373,-751811
52936332,-755582
52946189,-413836
52946361,-616902
52946865,-721508
52953971,-726823
52954193,-1119493
52954319,-1130341
52954364,-1133109
52954605,-1136319
52955005,-1141045
52959926,-1147869
52962535,-1150439
52975257,-504514
52975269,-721849
52975311,-1123353
52975395,-1136307
52975479,-1140401
52975818,-1148823
52977478,-1145588
52980346,-1138442
52981239,-1134461
52983970,-246444
52984161,-1119315
52984207,-1124290
52985027,-1124541
52988643,-396012
52988677,-1116110
52989059,-1119917
52989856,-1118633
52993534,-431173
52993541,-590255
52993633,-1100798
52994430,-1104893
52996273,-1104915
53003723,-626868
53004367,-1100947
53008071,-412864
53008125,-588304
53015468,-654848
53029003,-425234
53030429,-568683
53034599,-650838
53043090,-381760
53043144,-504717
53044303,-586347
53045452,-633522
53049964,-645375
53059055,-440075
53054946,-343490
53048828,-295329
53029087,-422266
53028491,-369780
53011569,-1100902
53011516,-425184
53011241,-395890
53010086,-281457
52999809,-237765
52991966,-1109652
52991943,-412711
52990989,-280220
52990348,-234714
52986415,-1122547
52986263,-458013
52985973,-297238
52983970,-246444
52978816,-1105275
52978782,-301557
52978748,-291593
52978439,-255576
52975776,-1136776
52975772,-294258
52974445,-249913
52971454,-1118368
52971450,-508309
52971195,-289017
52971084,-286937
52968189,-1115992
52968158,-530206
52967956,-331957
52965095,-1116606
52965068,-333036
52965034,-294487
52964561,-244877
52961059,-1115587
52961059,-293840
52959690,-294665
52956375,-1106959
52956340,-427473
52955032,-369805
52921615,-318284
52917362,-319326
52911045,-670892
52911045,-298662
52905548,-257122
52898132,-652567
52898010,-526874
52896476,-339921
52895874,-336704
52888118,-634938
52887836,-412652
52886508,-341922
52881572,-300395
52872909,-773652
52872871,-342012
52870861,-312774
52856746,-799324
52855125,-407177
52852462,-370517
52845386,-403494
52830650,-607013
52829845,-524757
52829307,-480038
52826850,-459463
52796741,-692411
52795471,-528101
52791515,-490090
52791320,-489489
52786952,-483249
52777084,-479773
52759849,-641381
52759792,-537024
52759040,-483018
