52133468,-1156915
52134101,-1219640
52142929,-1295516
52155979,-1309913
52210998,-1161244
52242183,-1213907
52242500,-1249286
52245365,-1293690
52259296,-1300634
52268756,-1302785
52283103,-1117827
52285148,-1208838
52289669,-1218888
52309467,-1209959
52306133,-1144312
52277427,-1155858
52277309,-1066011
52276252,-1060991
52255828,-1175635
52255798,-1153192
52255733,-1149457
52254650,-1142636
52252006,-1131657
52244369,-1126094
52215160,-1240772
52213935,-1135751
52212589,-1107266
52177349,-1296494
52177234,-1245808
52176776,-1177199
52176258,-1133454
52140068,-1203564
52139926,-1158736
52139377,-1158133
