52340251,-738709
52341163,-742382
52360206,-569378
52360244,-737700
52360698,-789584
52370040,-814725
52373680,-821620
52402191,-551824
52402793,-774204
52406242,-817930
52409873,-833034
52471839,-658792
52472175,-659989
52478187,-660307
52479255,-593659
52472057,-589310
52460247,-815895
52460201,-609441
52459957,-590138
52449695,-818033
52449680,-743385
52449165,-671194
52429077,-784771
52428562,-574432
52427669,-524528
52422836,-497776
52422374,-496718
52414466,-790054
52412696,-441617
52411117,-437718
52409053,-436659
52380828,-575191
52380130,-511906
52368713,-775441
52368629,-555402
52368408,-548228
52366878,-546044
52366489,-545574
52365428,-546444
52363388,-549448
