51974819,-1148263
52016242,-1095456
52017547,-1165521
52021278,-1216138
52025680,-1220813
52052181,-1248280
52103351,-948729
52104938,-1091253
52117149,-1140720
52118541,-1142781
52133960,-991372
52134101,-1219640
52142986,-938969
52143115,-1029510
52143779,-1212631
52150020,-1278874
52155979,-1309913
52168697,-1037889
52168739,-1212965
52168804,-1215918
52171260,-1314589
52176342,-1321092
52209068,-1241449
52212310,-1274911
52231548,-1153316
52231597,-1173975
52231834,-1244459
52235019,-1219716
52241458,-884982
52241489,-900769
52242183,-1213907
52242500,-1249286
52245365,-1293690
52259296,-1300634
52261371,-1286520
52265739,-590299
52265899,-1181207
52268756,-1302785
52273097,-561061
52273128,-1178333
52273960,-1179183
52276157,-1179684
52279895,-599172
52279937,-1126127
52280048,-1160000
52280158,-1170637
52280429,-1173449
52285263,-603577
52285266,-1160532
52285282,-1208249
52286937,-1212267
52289669,-1218888
52293395,-588922
52293407,-1201609
52293949,-1197948
52351814,-596782
52352237,-720412
52352863,-747806
52360698,-789584
52370040,-814725
52373680,-821620
52393119,-703460
52393203,-729191
52395233,-850278
52401763,-854194
52418331,-716558
52418365,-805887
52418418,-808400
52419616,-812146
52420162,-813455
52455806,-612508
52456893,-807774
52457153,-834817
52495010,-636242
52495040,-695354
52495071,-720379
52495113,-725224
52495334,-728120
52495937,-729045
52497764,-727534
52501277,-724236
52504295,-721364
52535594,-588661
52535758,-674332
52536148,-676384
52537460,-681815
52539257,-685034
52562774,-575057
52564964,-651690
52566596,-649043
52567962,-633270
52573680,-553232
52537258,-671102
52536926,-581583
52536914,-579373
52498615,-636750
52498233,-628733
52479255,-593659
52472057,-589310
52460247,-815895
52460201,-609441
52459957,-590138
52449695,-818033
52449680,-743385
52449165,-671194
52429077,-784771
52428562,-574432
52427669,-524528
52422836,-497776
52422374,-496718
52414466,-790054
52414306,-731260
52412696,-441617
52411117,-437718
52409053,-436659
52401020,-713738
52400936,-521126
52400321,-491324
52399707,-469195
52391471,-746537
52391216,-539895
52390914,-502182
52387142,-483383
52368732,-672786
52368629,-555402
52368408,-548228
52366878,-546044
52366489,-545574
52365428,-546444
52363388,-549448
52340251,-738709
52318809,-589493
52311367,-567770
52297111,-546835
52285266,-1160532
52285263,-603577
52285209,-587188
52282039,-536421
52280982,-538904
52277332,-1161297
52277217,-589333
52277034,-563172
52250610,-1167587
52250598,-873268
52250099,-870835
52249160,-869482
52238883,-858525
52238269,-857999
52237129,-857223
52232761,-878812
52231216,-887037
52224014,-1182490
52223857,-1180853
52217929,-1130857
52212589,-1107266
52184181,-1073637
52183029,-1021285
52182796,-1017824
52181377,-998885
52164203,-1208089
52164058,-1100269
52162673,-979817
52161014,-952099
52147838,-1210572
52147830,-986981
52147663,-976988
52145092,-903963
52143054,-900520
52116165,-1046336
52115798,-920527
52114387,-899166
52113330,-895658
52094497,-1018917
52094295,-884027
52093933,-881744
52066558,-1012905
52062252,-896378
52060558,-885699
52051639,-1223118
52051422,-1115789
52051338,-1109316
52048492,-1091888
52040019,-1074623
52019905,-1082208
52007568,-1087982
51987846,-1114217
51975067,-1139218
