52247714,-811909
52276718,-821702
52283641,-1103582
52284103,-1112016
52286071,-1118193
52305191,-981617
52305362,-1076670
52306293,-1123174
52306640,-1127831
52309268,-1134468
52320026,-836309
52320327,-978820
52323589,-1103656
52326957,-1127520
52340999,-823516
52341011,-1074151
52342334,-1136685
52346443,-1161224
52347663,-1166280
52354160,-1168359
52383300,-1082299
52383796,-1107138
52387535,-1128809
52405120,-974896
52406311,-1041975
52415241,-1080641
52421478,-1094643
52427261,-1070655
52430583,-1029535
52428909,-851800
52421024,-839872
52386291,-903627
52386180,-873743
52385715,-832261
52375717,-1123401
52359615,-800701
52355968,-793135
52342765,-1069139
52342582,-818997
52338397,-785717
52323585,-948521
52323341,-899784
52322078,-837575
52314830,-812283
52306293,-1123174
52306213,-894283
52304164,-798500
52299076,-764707
52265266,-733555
52257770,-732054
52249073,-739495
