52128772,-881033
52195308,-713496
52195457,-927392
52196239,-1004038
52197700,-1040583
52203689,-1078017
52211811,-778413
52211978,-1001622
52212635,-1067206
52220092,-1084338
52225147,-1093882
52235168,-1102772
52241847,-1103765
52285789,-1041614
52286384,-1025133
52287033,-990231
52284034,-974744
52231449,-1029651
52231330,-713040
52227188,-710978
52219688,-1034883
52219665,-802381
52215473,-728209
52207115,-1005902
52206855,-736475
52206474,-734964
52195144,-970998
52194892,-923587
52171127,-857128
52171047,-813454
52163803,-796015
52129516,-870189
