51648109,-2896526
51648597,-2918101
51656352,-2933219
51665714,-2941205
51720870,-2967525
51728260,-2965236
51758953,-2886130
51761142,-2934031
51783798,-2831703
51784042,-2911643
51785026,-2913359
51798362,-2914020
51806114,-2909361
51811336,-2882297
51814476,-2851532
51810314,-2846595
51783798,-2831703
51734630,-2887464
51734542,-2870476
51727462,-2814510
51717483,-2786176
51712902,-2776499
51696128,-2915387
51695934,-2830235
51695625,-2817337
51682888,-2811250
51651508,-2909299
51651432,-2853734
51651302,-2847935
