51616783,-3066401
51633964,-3072366
51688243,-3026474
51688507,-3050350
51690326,-3094619
51696895,-3098524
51721614,-2984059
51721832,-3065757
51723281,-3074682
51724967,-3081063
51798633,-3094266
51770992,-3069641
51742305,-3064241
51741611,-2977426
51741569,-2976322
51741004,-2971503
51711090,-3052682
51711074,-2966810
51701030,-2955931
51678367,-2943088
51649139,-3022035
51648963,-3002865
51646286,-2996331
51639999,-2986165
51636539,-2986884
51626564,-2995783
51623313,-3009035
51620029,-3023380
