51745769,-2952776
51746559,-2962136
51751529,-3001050
51759677,-3030078
51793834,-3134490
51801696,-3147073
51803039,-3148397
51893161,-3015501
51894378,-3055987
51907733,-2851609
51909358,-3023426
51912174,-3033493
51961029,-3052109
51979904,-3091355
51961029,-3052109
51934947,-3029361
51920146,-2866909
51910778,-2843235
51873497,-2921411
51873348,-2862899
51873233,-2845757
51836704,-2932895
51836288,-2884512
51834411,-2852765
51822910,-2867536
51816200,-2889704
51804592,-3130380
51804496,-3004297
51804122,-2961736
51803398,-2926464
51767566,-2999506
51766532,-2940461
51748809,-2946278
