52647708,1322937
52685523,1275550
52688594,1228314
52699901,1195544
52726051,1288810
52726181,1236114
52726676,1205448
52745735,1212252
52745979,1086599
52753520,1063596
52756221,1055722
52780319,1356102
52781204,1124451
52782981,1081166
52786731,1077752
52794261,1330500
52803367,1339314
52799629,1378973
52787509,1178171
52786090,1377507
52784111,1396667
52772682,1161298
52772464,1232980
52771961,1387861
52763347,1110852
52763191,1187504
52762840,1342555
52761470,1375660
52761207,1377982
52759304,1379465
52757701,1370758
52746665,1175285
52690124,1285412
52689632,1328253
52689308,1329842
52685710,1330116
