52777919,1288421
52781074,1211622
52804275,1224730
52805000,1075214
52817367,1276260
52817481,1127470
52828014,1107842
52842113,1270712
52843280,1180686
52848773,1165104
52856418,1155811
52868190,1356020
52868247,1195265
52868438,1167681
52869430,1158465
52873023,1149687
52877193,1162106
52885902,1414766
52886215,1296573
52886695,1204205
52889522,1188771
52901142,1194667
52913654,1211388
52921611,1236172
52920692,1251668
52898796,1385797
52898460,1387466
52887592,1416743
52879127,1435789
52878604,1436699
52876682,1439847
52875114,1441433
52870834,1444988
52858428,1251777
52830169,1322319
52829814,1328588
52806167,1100095
52805793,1261898
52801334,1304390
52778308,1315503
