52672718,1323045
52695159,1470978
52695693,1339669
52700839,1311133
52710140,1312489
52743892,1402872
52745479,1329696
52747238,1336425
52756965,1567824
52757389,1465121
52757621,1434026
52763874,1397122
52770011,1388777
52771331,1395243
52783275,1580302
52783489,1533977
52785949,1490935
52793739,1475638
52855796,1459961
52857837,1462471
52856143,1471783
52854076,1477520
52838611,1509434
52802165,1525951
52801189,1579460
52797351,1588374
52791881,1597908
52778934,1617916
52764934,1442546
52764778,1623355
52763641,1631698
52745506,1401872
52745250,1554534
52744937,1584061
52734249,1326009
52734176,1420828
52733898,1465330
52731136,1501455
52701217,1403872
52700874,1489139
52698696,1502660
52694694,1504767
52686859,1332497
52675964,1341610
