52497730,1547308
52518901,1497793
52519821,1434583
52533603,1435321
52547107,1236207
52549331,1205064
52555656,1172278
52562530,1180018
52582897,1370386
52582908,1229735
52583847,1228919
52585262,1234320
52603591,1370439
52647716,1322937
52619079,1359261
52613784,1420101
52612167,1431381
52589256,1325849
52589183,1376496
52588649,1423797
52586730,1467993
52574104,1247496
52574069,1340789
52573200,1448190
52570709,1523235
52560050,1287083
52559993,1433798
52516685,1439042
52516384,1602391
52511356,1609365
