52421401,1191284
52473690,1170355
52474750,1171256
52480545,1176902
52482292,1179179
52505008,1293495
52505233,1214370
52519184,1404423
52520790,1235686
52521266,1201574
52524230,1198089
52530742,1197722
52538406,1214341
52553638,1399024
52554111,1294981
52569339,1406654
52564643,1419815
52559947,1428452
52545745,1446803
52540237,1437993
52528964,1232055
52528377,1418632
52525257,1417357
52515750,1411444
52511722,1398277
52496616,1244446
52495037,1297612
52493637,1322350
52475070,1176434
52474983,1233824
52473163,1276269
52467155,1291579
52463096,1294162
52460941,1286330
52439605,1182254
52437095,1196024
52427230,1204357
52425453,1203184
52423587,1201313
