52419998,990675
52421192,945569
52451004,1036951
52451118,843575
52452705,827294
52460147,1138790
52460277,1094789
52461250,914970
52461524,897247
52466384,892237
52490345,1112384
52490360,943650
52502033,1152692
52502410,1117305
52503135,1111285
52506446,1098799
52512840,1085570
52537010,1189726
52537208,1139048
52549869,1160179
52552051,1173614
52552787,1178345
52544033,1191048
52536743,1197082
52512840,1085570
52512695,1159234
52509529,1194942
52491676,1203106
52486789,1202132
52467002,1066575
52465450,1141711
52465053,1143479
52463554,1146995
52457202,1161234
52443939,917196
52427120,1012534
52422725,1026592
