52419998,990675
52421192,945569
52447967,1031590
52448463,885189
52449066,872997
52451118,843575
52452705,827294
52459331,1173784
52459823,918851
52461524,897247
52466384,892237
52476295,1148676
52476692,903532
52484409,1228844
52484443,1043027
52484474,1041953
52487712,942751
52492336,903398
52502738,1153420
52502899,886691
52504177,897666
52506332,928786
52509609,1598283
52509651,1006859
52509902,879634
52511268,870230
52521018,1569048
52521068,1032688
52521095,1028930
52522819,866649
52526653,1540394
52526786,1069119
52527156,881662
52528064,864323
52531169,862032
52533618,872559
52537471,1476781
52537483,1061267
52537990,936572
52538127,904857
52539756,882724
52548519,1176576
52548831,883917
52550605,896919
52554843,1499311
52554882,1179426
52555065,1012931
52556182,900532
52564163,1235751
52564231,1077106
52565376,1013505
52573730,1334031
52573799,1128215
52573902,1065207
52577182,1036724
52580333,1024600
52580738,1024098
52599727,1386775
52611434,1293386
52612663,1114484
52615798,1123542
52622669,1442888
52622673,1431612
52622795,1286628
52634941,956619
52639598,1545170
52639656,1326288
52647708,1322937
52654720,1474027
52654735,969504
52654823,960223
52655746,927515
52659389,1545915
52659389,1380517
52659416,936486
52660369,907370
52665191,1379826
52665245,931375
52665290,821642
52670272,1395967
52670318,888016
52670688,822569
52671096,808191
52683990,1320335
52683994,933578
52684246,810434
52684516,798140
52686035,791430
52686191,792477
52694900,1242859
52694965,950271
52698875,858624
52702930,1402140
52703044,1242588
52703357,875245
52705703,858907
52708560,857422
52710983,857743
52715213,1409420
52751564,1290763
52751728,1097559
52753520,1063596
52756221,1055722
52764232,1421244
52764293,1180334
52764358,1109071
52764621,1059202
52769573,1525850
52769622,1120285
52770412,1113744
52775032,1617192
52775070,1356678
52775207,1096602
52776672,1088654
52778640,1078116
52783489,1533977
52783771,1273303
52784286,1174955
52786731,1077752
52790431,1074068
52801334,1304390
52801586,1133407
52805000,1075214
52814147,1506704
52814212,1301434
52814849,1111870
52816547,1110749
52823406,1511176
52823715,1166117
52824565,1131484
52828014,1107842
52839267,1504942
52839424,1245009
52840755,1113089
52847293,1486247
52847732,1204007
52848773,1165104
52856418,1155811
52868190,1356020
52868247,1195265
52868438,1167681
52869430,1158465
52873023,1149687
52877193,1162106
52885902,1414766
52886215,1296573
52886695,1204205
52889522,1188771
52901142,1194667
52913654,1211388
52921611,1236172
52920692,1251668
52898796,1385797
52898460,1387466
52887592,1416743
52879127,1435789
52878604,1436699
52876682,1439847
52875114,1441433
52870834,1444988
52858428,1251777
52857837,1462471
52856143,1471783
52854076,1477520
52842113,1270712
52842010,1470756
52841217,1501074
52841114,1502670
52839008,1508501
52838611,1509434
52836376,1513605
52826416,1241812
52826297,1524967
52824867,1532186
52814628,1182036
52814338,1522737
52813022,1546648
52811637,1560250
52801040,1260682
52800907,1505237
52800884,1534796
52800750,1539311
52800334,1550763
52797351,1588374
52791881,1597908
52782562,1335376
52782455,1573752
52778934,1617916
52775032,1617192
52770359,1120664
52770168,1521257
52769966,1539792
52769050,1619528
52765785,1633165
52763641,1631698
52758636,1178039
52758399,1534346
52757457,1572028
52757164,1581197
52753562,1599743
52747280,1184607
52747280,1425143
52746822,1564756
52745605,1592609
52744937,1584061
52738971,1194195
52738937,1384763
52738021,1462368
52734588,1594063
52725719,1295274
52725677,1361811
52725566,1470654
52723094,1491729
52714614,1203077
52714530,1387094
52714389,1476090
52706291,874269
52706222,1285467
52706157,1404273
52705738,1463141
52705413,1468135
52701732,1489622
52698696,1502660
52694564,884303
52694393,1411186
52692630,1441705
52691299,1458711
52684444,911412
52684436,1446654
52683338,1461204
52680698,1481610
52679859,1486279
52677330,1490901
52673854,817386
52673763,1357052
52673629,1488919
52672996,1508193
52662620,1542553
52660713,1548300
52659744,1550322
52655784,963985
52655738,1514870
52654888,1539226
52651576,1573648
52650493,1573767
52642715,1565946
52633373,1327882
52633331,1448265
52632812,1553653
52623947,1302417
52623928,1434563
52623783,1494778
52622394,1519245
52617225,1573655
52606758,1302091
52606723,1576891
52606548,1578443
52592777,1096104
52592681,1557742
52592239,1578088
52590980,1578207
52583312,1247468
52582866,1511527
52582565,1531894
52577568,1569849
52573375,1575767
52558258,1119276
52558185,1273884
52558048,1434516
52557792,1495001
52556003,1625059
52549869,1160179
52549785,1337629
52549545,1383187
52548587,1535418
52539093,1256281
52538986,1561007
52537166,1574312
52535800,1580248
52532894,1588581
52527824,1088995
52527812,1438438
52527809,1477812
52527359,1557057
52526062,1580945
52525138,1590647
52520973,913072
52520874,1508080
52517612,1598333
52517375,1600201
52516708,1602329
52511211,1038008
52511161,1274424
52510761,1587528
52509609,1598283
52504596,1151917
52504364,1224324
52504005,1296972
52493354,932078
52493331,1138911
52493297,1238528
52491432,1311414
52490371,1320955
52477973,1043272
52477664,1204297
52476551,1230360
52473163,1276269
52467155,1291579
52463096,1294162
52460941,1286330
52456459,1268682
52449909,906302
52449558,1038603
52448719,1130305
52447402,1204969
52440261,1205952
52427120,1012534
52426925,1199922
52425453,1203184
52423587,1201313
52421401,1191284
