52642242,1033795
52642604,1020382
52674076,1071125
52674213,951505
52682285,939353
52708038,906616
52728412,1015745
52728488,976561
52728961,897521
52733097,869619
52744972,857478
52770225,984717
52770519,866773
52771247,845781
52771812,836106
52772270,835542
52785923,1004510
52786083,920361
52788967,905736
52805915,1046743
52806461,960948
52810554,935107
52830307,991821
52828968,1041481
52824710,1088766
52817405,1087179
52793972,953943
52793411,1046209
52789813,1048827
52755153,945163
52754470,1021702
52751667,1037025
52682655,981062
52682651,1026268
52682430,1097370
52681739,1106333
52651470,1093465
52642837,1044939
