52775375,778433
52784446,718425
52788841,722793
52846694,918138
52847496,743856
52851367,736184
52854057,733969
52855041,734543
52874313,892625
52874546,790552
52875614,772889
52877246,763287
52888706,979281
52888748,929135
52905330,739688
52910785,720696
52919292,749274
52919719,757974
52922492,948271
52920162,949824
52907497,755680
52907478,923081
52896808,996878
52886184,989038
52865562,828802
52864974,961293
52861568,976751
52848068,745943
52847824,821216
52846694,918138
52846500,925189
52839843,957629
52829185,974195
52816959,791950
52815433,917476
52815067,939122
52814899,941497
52812728,953330
52810009,960062
52795921,800913
52795520,858848
52792243,874936
52782001,878709
