52612419,1724582
52634334,1654926
52634815,1604021
52636455,1595374
52639583,1588652
52645038,1585816
52673851,1684670
52673881,1615673
52674564,1575437
52676280,1560883
52699161,1687040
52699214,1633152
52699615,1509870
52713310,1685835
52713447,1573193
52713855,1540279
52717311,1512714
52740299,1510281
52743831,1517768
52762928,1643885
52741127,1542639
52740558,1553292
52718986,1573103
52718852,1656189
52718620,1668938
52717685,1692070
52717285,1692777
52715839,1694728
52692337,1709692
52675212,1720447
52671428,1722404
52663284,1717643
52638729,1594777
52638175,1645577
52630130,1677811
