52612419,1724582
52642452,1271072
52652816,1633973
52653411,1034742
52655158,1006888
52659786,1639478
52659851,1074949
52659873,1018452
52661979,1007475
52673881,1615673
52674076,1071125
52674213,951505
52682285,939353
52685001,949568
52688743,1626464
52688751,991467
52690330,974214
52695777,1581243
52695842,1006887
52696796,965877
52701679,1631150
52701694,984951
52701747,982216
52708038,906616
52711330,1639372
52711414,997830
52711448,931882
52711677,909405
52711856,907581
52712779,904400
52713947,900435
52715888,900814
52720645,1513722
52721012,982020
52721614,932075
52721939,921033
52722850,903958
52733421,1535079
52734619,936652
52735248,891686
52741561,1532641
52741664,967561
52742122,861544
52744972,857478
52770225,984717
52770519,866773
52771247,845781
52771812,836106
52775375,778433
52779270,1404328
52779300,907584
52779785,790133
52784461,1419895
52784652,1011913
52785308,851327
52786006,768565
52788841,722793
52797435,1047678
52797512,970058
52798519,851028
52798748,844268
52809158,754499
52819812,1385840
52819835,938390
52820644,768318
52822277,766893
52825942,1389976
52825981,1033924
52826038,841301
52826461,792174
52827648,789830
52831432,1479333
52831466,846347
52832565,801445
52833724,788108
52837032,1487088
52837051,921777
52837154,842754
52837261,808444
52837387,789831
52854057,733969
52855041,734543
52855510,735568
52859664,1442304
52859683,872144
52861309,808095
52868274,771857
52871879,765770
52877246,763287
52884647,1080510
52885066,767442
52885517,764379
52888179,754558
52899097,1078487
52899387,819449
52900337,755337
52910892,1096208
52911006,757822
52911064,752634
52913829,754044
52924129,1040578
52924339,795005
52928661,1302350
52928691,1216863
52929309,827230
52931968,820185
52937484,1241406
52937500,1208808
52937751,894639
52938240,837397
52950344,1018983
52950370,852529
52950412,850731
52952297,774236
52960014,783219
52971199,799086
52972366,849520
52956027,853601
52955966,985826
52955661,1049522
52945354,1210358
52945224,1211598
52944595,1217463
52937599,1267464
52932598,1299415
52931789,1301959
52929050,1308238
52922611,801395
52922542,1302281
52922538,1309557
52922439,1310859
52922302,1312500
52919780,1338400
52918483,1343261
52911121,987456
52910877,1328066
52908782,1357524
52896682,1056426
52896556,1340353
52894866,1349220
52862888,1402377
52861366,1441324
52860973,1445558
52858776,1447241
52857524,1446978
52854019,735176
52853843,1351956
52852283,1411221
52838119,1488991
52837032,1487088
52833103,876937
52832992,1103609
52832687,1401098
52831432,1479333
52827236,836361
52827213,1368152
52827205,1397492
52826847,1453842
52825618,1480323
52805915,1046743
52805404,1442034
52801555,844303
52801246,1432876
52799884,1465653
52781505,1009471
52781299,1413432
52781219,1448801
52778499,1456328
52774608,843731
52774604,1007186
52774574,1019729
52773281,1415873
52772804,1454349
52772762,1457000
52761192,896133
52760753,1020269
52755531,1050485
52753936,1639369
52753124,1644444
52746139,1029468
52746116,1536389
52745616,1648635
52732353,1026437
52731609,1534918
52729850,1554554
52728557,1568301
52724456,907576
52724311,1568339
52721691,1653390
52717685,1692070
52717285,1692777
52715839,1694728
52692337,1709692
52680850,964884
52680747,1680692
52680740,1686109
52680644,1716509
52678863,1717946
52675212,1720447
52671428,1722404
52668804,1714072
52668132,1711145
52664779,1035475
52664527,1656145
52663284,1717643
52660057,1032737
52660030,1643033
52659923,1668897
52657905,1682868
52653411,1034742
52652816,1633973
52651863,1689553
52647766,1035789
52647678,1595748
52646080,1652949
52644123,1671639
52630130,1677811
52624767,1272840
52624759,1279948
52624675,1288809
52624332,1289817
52619686,1288080
52614295,1284293
