52330978,1597642
52343856,1575118
52347003,1569791
52353366,1566485
52380214,1697463
52380393,1562690
52392719,1500251
52405300,1483276
52421417,1469277
52429473,1462656
52438911,1469019
52471347,1547924
52471889,1517199
52473175,1513295
52476322,1510247
52488254,1505187
52501121,1510736
52512649,1565627
52514255,1645901
52492900,1514987
52491744,1591510
52490974,1622061
52486900,1656808
52483631,1670474
52455711,1572770
52455463,1603845
52454936,1633661
52453536,1644323
52451480,1649129
52435337,1471284
52435108,1602123
52434631,1663438
52421493,1480744
52421363,1555807
52420406,1661581
52417858,1672064
52415496,1675148
52398899,1539427
52386470,1670794
52384277,1681460
52380214,1697463
52376369,1704156
