52330978,1597642
52412326,1633052
52412612,1484471
52417243,1398180
52419010,1380193
52419582,1380913
52430953,1583376
52431583,1398004
52432502,1388834
52434753,1380059
52442653,1691262
52442691,1563399
52443351,1430570
52444053,1391741
52450271,1391901
52457679,1705389
52457695,1568793
52457931,1433648
52458621,1380092
52465721,1708362
52465835,1445794
52467605,1366187
52468906,1352192
52472530,1318300
52478073,1715177
52478080,1691106
52478187,1463243
52478775,1397341
52479473,1338532
52488498,1634117
52488819,1391854
52489860,1349073
52491920,1334921
52502922,1731262
52503425,1436060
52504547,1378725
52505733,1372492
52510192,1352005
52511592,1355503
52517482,1746222
52517765,1653725
52528079,1613746
52543735,1604441
52563190,1724278
52563236,1656858
52563964,1652107
52565254,1650074
52582088,1637845
52588687,1641464
52611827,1737275
52611904,1720626
52630035,1298582
52631286,1290516
52631393,1290185
52643375,1261510
52644676,1261168
52650131,1261634
52652614,1266010
52654151,1270946
52655181,1274270
52655742,1276338
52656066,1277876
52660964,1718215
52660999,1691235
52663352,1725563
52662994,1726887
52662387,1727567
52661128,1727889
52653564,1281958
52653526,1713915
52653396,1724598
52652713,1731195
52647716,1270710
52647716,1322937
52647712,1715211
52647583,1728687
52647418,1733968
52646057,1735818
52631507,1290859
52631271,1724638
52630008,1730944
52628227,1737269
52626018,1737967
52608226,1737943
52599262,1737900
52579845,1736736
52538673,1666970
52538608,1723360
52538368,1730981
52538196,1733341
52536788,1734328
52518379,1746492
52516479,1747702
52511814,1749546
52501121,1510736
52501010,1729081
52500789,1739174
52499935,1746618
52499912,1746792
52497203,1752487
52496032,1753360
52482398,1760403
52479228,1760443
52477386,1759608
52463825,1565670
52463794,1683386
52463722,1726927
52463546,1742758
52462982,1742710
52456569,1738632
52438335,1605389
52438114,1694929
52437873,1700208
52436275,1721929
52419845,1727480
52412696,1727178
52409458,1726361
52409111,1725361
52398960,1485688
52398899,1539427
52386470,1670794
52384277,1681460
52380214,1697463
52376369,1704156
