52560077,992321
52560150,925098
52570240,906361
52577163,904206
52587440,1182566
52588653,932755
52592788,932795
52604461,1171607
52604461,1034904
52606319,975916
52637748,1144224
52638034,1027865
52639369,1009338
52640457,994762
52653968,1162289
52654071,1152713
52658756,1100014
52659946,1097509
52697048,1165714
52698348,1109127
52702796,1059759
52704826,1054393
52729228,1163810
52729606,1081206
52734500,1045313
52738830,1056357
52748550,1104071
52748962,1115967
52739906,1144180
52724540,1175809
52700286,1178755
52660537,1109266
52592788,932795
52592422,1172590
52592273,1175248
52589710,1205487
52587440,1182566
52577190,921420
52576858,988775
52571640,1110615
52571620,1110569
