53538494,-2114063
53538547,-2114817
53565166,-2153631
53565536,-2225683
53565807,-2238487
53576522,-2248364
53589496,-2253577
53598205,-2248930
53615657,-2115118
53615657,-2191893
53615741,-2206315
53618373,-2228172
53620517,-2235697
53627899,-2251434
53640636,-2258996
53656761,-2085301
53656856,-2172788
53656875,-2177161
53656982,-2183441
53657176,-2185455
53687194,-2108302
53687202,-2219126
53688983,-2238563
53691482,-2242877
53695480,-2239524
53711757,-2099472
53711830,-2183256
53711929,-2204240
53715484,-2231107
53738483,-2133282
53738811,-2157070
53739170,-2166137
53741477,-2166692
53742824,-2132067
53741645,-2116281
53736904,-2061177
53734687,-2054292
53729747,-2044085
53723880,-2042912
53719520,-2042513
53713462,-2050431
53709377,-2057501
53689811,-2176831
53689689,-2101857
53686489,-2088889
53680099,-2078324
53656303,-2175888
53656078,-2086131
53655487,-2067883
53650623,-2067149
53644752,-2068470
53626716,-2206988
53626705,-2142092
53626461,-2086857
53626453,-2085874
53625049,-2071326
53598815,-2155250
53598800,-2103860
53598663,-2095594
53598159,-2092435
53595489,-2081264
53576591,-2219882
53575561,-2070563
53574481,-2058812
53573905,-2057347
53547172,-2089848
53541492,-2099826
