51509468,-1429649
51523792,-1459956
51546546,-1356173
51562923,-1466432
51562995,-1541043
51581733,-1418571
51583343,-1480409
51585460,-1530353
51590728,-1539349
51606945,-1387188
51607032,-1420197
51607456,-1487903
51607807,-1517343
51609157,-1522570
51633090,-1417019
51633384,-1443601
51638008,-1452185
51642841,-1460782
51650329,-1460188
51652294,-1451712
51651218,-1439191
51610923,-1392377
51609790,-1346325
51602867,-1323799
51584587,-1477234
51584564,-1439116
51583156,-1337571
51581340,-1337742
51573059,-1339652
51541011,-1447179
51535652,-1374983
51515296,-1401403
