51972942,-1344230
51996509,-1434947
51996551,-1483463
51996955,-1494819
52003189,-1508689
52043941,-1551358
52050197,-1555845
52055397,-1558580
52059497,-1558961
52082508,-1456248
52082897,-1487663
52101100,-1486111
52117416,-1469288
52123828,-1454738
52125934,-1445407
52061367,-1485692
52061344,-1437224
52061206,-1423586
52060745,-1399525
52058708,-1369389
52040172,-1322572
52035911,-1318687
52027770,-1314540
52014137,-1493504
52013942,-1381529
52013305,-1343465
52012279,-1343278
51995845,-1482248
51995815,-1362277
51992813,-1324030
51983020,-1287048
51982883,-1286569
51982406,-1286228
51981773,-1287256
51973716,-1308493
