51983917,-1232153
51987945,-1276033
51999828,-1310044
52003898,-1320484
52011878,-1329047
52061611,-1245306
52063289,-1298870
52064296,-1307533
52112018,-1350355
52113620,-1375157
52116245,-1399831
52132450,-1438898
52134563,-1433480
52153636,-1241836
52153980,-1323800
52158508,-1361826
52168724,-1363946
52149341,-1306771
52143932,-1246763
52123996,-1356943
52123325,-1301054
52121078,-1215441
52120086,-1183238
52108169,-1380096
52108081,-1274805
52107669,-1181976
52093952,-1170461
52040618,-1300959
52040515,-1256202
52023239,-1230022
52022052,-1228775
52004299,-1218299
