51509468,-1429649
51553508,-1150196
51553726,-1435933
51553977,-1448565
51570434,-1300646
51571083,-1449498
51571571,-1498666
51578590,-1144306
51578590,-1307072
51578594,-1379546
51579128,-1428418
51581481,-1533598
51587551,-1069393
51587551,-1424126
51587589,-1501838
51587863,-1529535
51590728,-1539349
51596935,-1125218
51596961,-1255801
51597206,-1455910
51597244,-1464413
51597621,-1486122
51606941,-1238888
51606945,-1387188
51607032,-1420197
51607456,-1487903
51607807,-1517343
51609157,-1522570
51623336,-1319811
51623344,-1451871
51623516,-1452735
51624221,-1453593
51625411,-1450229
51633289,-1140152
51633296,-1281692
51633350,-1398305
51633384,-1443601
51638008,-1452185
51642841,-1460782
51650505,-1173722
51651218,-1439191
51652294,-1451712
51660247,-1170711
51660259,-1195491
51660327,-1288001
51661014,-1387761
51661674,-1433308
51706062,-1317631
51706722,-1589432
51710323,-1609661
51716270,-1245841
51716293,-1377215
51716659,-1589443
51718494,-1617133
51722801,-1611161
51730598,-1265337
51730792,-1543690
51734924,-1606193
51735183,-1608984
51744163,-1259020
51744228,-1586470
51745262,-1616878
51751716,-1266415
51751758,-1591834
51752243,-1602130
51753391,-1609189
51787887,-1618924
51788444,-1676621
51789169,-1682430
51809776,-1739665
51820194,-1722529
51832244,-1586507
51836803,-1588526
51996509,-1434947
51996551,-1483463
51996955,-1494819
52003189,-1508689
52009117,-1514073
52022018,-1308784
52022052,-1372630
52026237,-1495290
52033184,-1563652
52034034,-1566384
52042171,-1563186
52053970,-1359335
52054000,-1388706
52054332,-1492846
52055397,-1558580
52059497,-1558961
52061973,-1545737
52070911,-1269003
52070941,-1359238
52071182,-1476899
52076766,-1535285
52080757,-1539549
52088474,-1187888
52088642,-1392276
52088798,-1446203
52093139,-1475328
52101100,-1486111
52109893,-1216616
52110008,-1317471
52110610,-1466128
52117416,-1469288
52132484,-1276820
52132740,-1405819
52134563,-1433480
52153636,-1241836
52153980,-1323800
52158508,-1361826
52168724,-1363946
52149341,-1306771
52143932,-1246763
52123996,-1356943
52123325,-1301054
52121078,-1215441
52120086,-1183238
52108169,-1380096
52108081,-1274805
52107669,-1181976
52092128,-1332048
52092033,-1244953
52088474,-1187888
52080406,-1461074
52080406,-1343445
52080104,-1214729
52079845,-1195122
52078422,-1176323
52066596,-1361824
52066558,-1313406
52066463,-1294371
52066181,-1258150
52063396,-1243496
52061611,-1245306
52047744,-1536972
52047725,-1337564
52047718,-1333031
52047664,-1325128
52047576,-1323832
52042427,-1268170
52040515,-1256202
52023239,-1230022
52022052,-1228775
52003032,-1376800
52002487,-1273977
52000385,-1237771
51993350,-1230913
51983917,-1232153
51973716,-1308493
51828479,-1610543
51827941,-1584442
51807380,-1693252
51807289,-1639617
51807197,-1632670
51806686,-1594689
51803440,-1576634
51772922,-1655746
51772861,-1586847
51771858,-1536813
51760978,-1562831
51760421,-1259363
51759933,-1252009
51759353,-1249904
51755756,-1244184
51751823,-1246466
51751232,-1246881
51745262,-1616878
51745182,-1256788
51743316,-1253255
51739021,-1246852
51734443,-1246595
51732398,-1247123
51725128,-1547483
51724838,-1249983
51723331,-1248112
51715896,-1242416
51705547,-1236742
51691398,-1396581
51691223,-1250553
51691196,-1249180
51691047,-1245985
51668315,-1344775
51668296,-1279778
51648048,-1453293
51647628,-1163585
51645740,-1103785
51639774,-1077530
51628448,-1298122
51628440,-1224933
51627788,-1143088
51627128,-1108356
51625339,-1086173
51621055,-1043907
51613235,-1427122
51613212,-1164102
51613121,-1083948
51612751,-1077139
51610912,-1048640
51604396,-1036719
51596561,-1339325
51596523,-1124358
51596298,-1104051
51595989,-1079125
51595230,-1053962
51591506,-1039417
51584400,-1479343
51584381,-1306926
51584159,-1108663
51580307,-1077017
51571083,-1449498
51571071,-1153057
51570510,-1122046
51570350,-1116277
51567665,-1046512
51563980,-1035798
51539009,-1166947
51531780,-1405396
51526546,-1392953
51515296,-1401403
