51710136,-1416768
51762191,-1370136
51762584,-1475936
51764480,-1509154
51769168,-1525045
51780281,-1557484
51793632,-1343527
51793636,-1548915
51794162,-1567150
51794212,-1568208
51807991,-1401162
51808208,-1441945
51810344,-1554405
51811813,-1555565
51824756,-1367654
51824779,-1501549
51825294,-1542809
51826919,-1548784
51831775,-1565585
51836318,-1573757
51844753,-1557230
51861873,-1426571
51857181,-1404458
51840801,-1562421
51840736,-1404879
51838943,-1382652
51798313,-1549767
51797496,-1378157
51796886,-1341746
51793811,-1338652
51775527,-1519832
51775405,-1379809
51774765,-1359642
51773040,-1355188
51763568,-1357511
51742321,-1499125
51741981,-1382858
51740356,-1372555
51734878,-1375686
51725566,-1384950
51710979,-1403514
