51710136,-1416768
51716190,-1460476
51740093,-1310095
51740261,-1439770
51740444,-1447574
51742321,-1499125
51756870,-1346088
51756973,-1460469
51759620,-1491371
51764480,-1509154
51769168,-1525045
51780052,-1299339
51780067,-1374352
51780132,-1508622
51780281,-1557484
51809204,-1477149
51809226,-1485272
51810344,-1554405
51811813,-1555565
51824756,-1367654
51824779,-1501549
51825294,-1542809
51826919,-1548784
51831775,-1565585
51836318,-1573757
51844852,-1107154
51844886,-1329818
51844921,-1346309
51845413,-1446987
51852252,-1114267
51852348,-1403796
51852561,-1429056
51852615,-1432540
51852722,-1433671
51857036,-1444652
51861679,-1444087
51868572,-1124200
51868648,-1377699
51868778,-1415169
51872943,-1415478
51888114,-1211161
51889533,-1378864
51891986,-1408692
51897117,-1417098
51912303,-1160844
51912338,-1302560
51915214,-1333614
51922351,-1350914
51933822,-1147264
51933834,-1259421
51935009,-1309728
51935543,-1311524
51958915,-1205206
51958919,-1231895
51959152,-1254987
51959869,-1298636
51960868,-1351042
51975437,-1178708
51976615,-1234752
51979251,-1274688
51981197,-1253501
51981678,-1238699
51960220,-1141452
51960159,-1137756
51957889,-1117004
51950565,-1088906
51941612,-1070742
51929012,-1248186
51928684,-1121172
51928352,-1051892
51916641,-1011747
51906593,-1006982
51894134,-1190320
51894107,-1151255
51894035,-1135157
51894031,-1134300
51892707,-1077113
51883445,-1063791
51880935,-1060894
51865276,-1227435
51865211,-1074844
51864128,-1078802
51856559,-1426261
51856502,-1161896
51853473,-1071150
51851642,-1070012
51846672,-1071464
51844688,-1104457
51836524,-1533306
51836498,-1341583
51833267,-1326581
51832984,-1325961
51813484,-1492433
51813446,-1431436
51813045,-1399571
51808193,-1261133
51803989,-1256285
51792221,-1462847
51792144,-1278504
51791980,-1268126
51791439,-1264814
51790916,-1261734
51785896,-1249899
51776424,-1487138
51776344,-1264958
51776233,-1264163
51775646,-1261476
51772586,-1256888
51771327,-1255402
51769649,-1254212
51765068,-1253476
51748386,-1413190
51748378,-1299756
51748165,-1273701
51747180,-1270284
51738895,-1289651
51725910,-1464545
51725902,-1420865
51725566,-1384950
51718986,-1332564
51718162,-1331403
51710979,-1403514
