51674224,-928582
51701522,-962566
51714412,-951994
51722549,-1213407
51722610,-1213407
51745033,-1080588
51745090,-1197795
51745101,-1203226
51745136,-1208078
51753025,-1234827
51754230,-1236371
51756286,-1238423
51765079,-1245129
51776988,-1247453
51789775,-1242151
51805599,-1232038
51813941,-1215445
51814422,-1211129
51820148,-1115955
51818176,-1109524
51767295,-1239180
51767280,-1156347
51767166,-1154480
51739223,-1088541
51722549,-1213407
51713920,-895352
51704349,-889116
51688415,-881766
51677089,-891649
