51613124,-999388
51632198,-1053194
51649784,-1074321
51667205,-1088577
51670890,-1200985
51672107,-1220096
51685802,-947098
51685905,-1126253
51686000,-1144550
51687763,-1203090
51701938,-1224315
51702468,-1225107
51708110,-1233139
51721187,-1239157
51748260,-1245786
51750625,-1244704
51751831,-1240685
51752128,-1239536
51752437,-1238314
51752410,-1237242
51729675,-1184906
51729572,-1139066
51729152,-1082664
51725318,-1065047
51670890,-1200985
51670799,-1089843
51670604,-1064873
51644924,-1003676
51639621,-967562
51618110,-951801
