51830211,-1634835
51839683,-1656456
51877262,-1479804
51877265,-1663085
51882537,-1681177
51882976,-1682641
51885787,-1689509
51890190,-1694839
51891120,-1693046
51915100,-1532129
51915275,-1621220
51916114,-1669307
51927516,-1347204
51927619,-1606457
51929237,-1617555
51930191,-1617779
51942142,-1607988
51967159,-1516711
51967617,-1589892
51974426,-1576058
51987899,-1529971
51990119,-1509665
51986835,-1459664
51984725,-1429766
51976940,-1397644
51963623,-1589841
51963581,-1523430
51963439,-1421420
51959335,-1366403
51953395,-1362529
51941291,-1543552
51941062,-1463559
51939960,-1342368
51928539,-1342638
51927516,-1347204
51917415,-1594086
51917377,-1455351
51917304,-1453273
51917049,-1446776
51910030,-1358419
51900676,-1644248
51900588,-1529576
51899021,-1448146
51889888,-1424239
51877265,-1663085
51877262,-1479804
51877231,-1474982
51876785,-1429330
51868061,-1431823
51854461,-1596162
51854412,-1468801
51853004,-1463648
51850582,-1461035
51836608,-1453031
51834812,-1462791
51830532,-1496886
