55765224,-4615131
55766937,-4654325
55768451,-4659131
55773822,-4664330
55784202,-4669980
55815856,-4588708
55817039,-4650854
55843055,-4400070
55843067,-4438728
55843097,-4464288
55847339,-4873487
55848064,-4884246
55849803,-4885622
55856075,-4889238
55867111,-4614929
55867279,-4882618
55867904,-4890347
55885112,-4645741
55885116,-4892785
55885955,-4894575
55887615,-4895850
55889350,-4897003
55892612,-4897055
55900787,-4626443
55900867,-4872774
55902294,-4881696
55924476,-4682075
55924564,-4867260
55935070,-4875759
55941436,-4875731
55943874,-4872276
55949691,-4855902
55961551,-4820835
55961906,-4819623
55962245,-4816565
55962448,-4789247
55962402,-4787994
55961978,-4784262
55934509,-4731160
55934455,-4695816
55934421,-4686062
55934192,-4680564
55926803,-4594071
55922256,-4553157
55909202,-4815460
55907871,-4591718
55906757,-4552026
55888607,-4595256
55877361,-4883157
55877052,-4633537
55871585,-4577166
55866497,-4566550
55856346,-4888456
55856285,-4576472
55856254,-4572793
55852771,-4401372
55851005,-4377121
55850330,-4375865
55846900,-4369585
55845687,-4369544
55844066,-4369606
55841278,-4371145
55840663,-4373184
55832458,-4888984
55832324,-4544734
55832252,-4541408
55831981,-4534954
55829898,-4531641
55820365,-4536801
55817684,-4543076
55792320,-4633780
55791614,-4590082
55788814,-4575347
