55284885,-5584545
55313980,-5645036
55314178,-5689280
55338356,-5694811
55353050,-5638134
55396095,-5648949
55422134,-5608491
55422233,-5732942
55422943,-5738891
55592521,-5469068
55593738,-5514285
55598674,-5684751
55600524,-5684205
55651172,-5472471
55651706,-5663492
55654537,-5667144
55739162,-5587156
55796543,-5530363
55797161,-5595621
55821361,-4437337
55821365,-4473515
55825473,-4472610
55844665,-5465597
55848407,-4438248
55859531,-5115452
55859798,-5413823
55859813,-5420475
55861534,-5436945
55873691,-5406968
55881046,-5022084
55881519,-5259463
55882278,-5302105
55889465,-4962801
55889709,-5040018
55890430,-5241414
55894145,-5274859
55910335,-5124635
55910705,-5226806
55927883,-4938419
55948436,-4946225
55949764,-5067380
55959403,-5185225
55967018,-4912120
55969532,-4933098
55970531,-4941318
55985237,-4955183
55986972,-5203002
56008125,-4903727
56009403,-5214006
56009685,-4973673
56021076,-4999925
56034229,-5213133
56040557,-5189955
56077026,-4989206
56099025,-5215043
56101673,-4896167
56134590,-5040479
56134616,-5152895
56141185,-5141469
56156448,-4912225
56157661,-5063532
56158740,-5094466
56178173,-4895886
56197139,-4916455
56222217,-5030801
56223339,-5030244
56269641,-4933281
56290317,-4898063
56178173,-4895886
56161048,-4896595
56156448,-4912225
56152667,-5054567
56134952,-5027130
56099025,-5215043
56077026,-4989206
56072540,-5149340
56062118,-4932322
56056911,-4913548
56045475,-4910533
56043388,-4910113
56021076,-4999925
56019168,-4905439
56009403,-5214006
56008125,-4903727
56005260,-4899116
55997726,-4896130
55927883,-4938419
55918827,-5323370
55917770,-5138072
55915550,-4947090
55907424,-5234046
55906829,-4951036
55905605,-4950175
55899841,-4950985
55897506,-4952008
55895217,-4953700
55871566,-5306295
55870029,-4991729
55868164,-4979260
55864536,-4980964
55862823,-4982767
55852699,-5232484
55849517,-5063499
55844348,-5027736
55841564,-4397758
55841434,-4395209
55838249,-4383306
55833786,-5049802
55833770,-4451912
55833763,-4411395
55833679,-4384848
55833274,-4383418
55829761,-5051850
55829757,-4411658
55829719,-4401803
55829654,-4389807
55826362,-4391840
55824359,-4393554
55816833,-4424571
55811866,-4445282
55809070,-4505486
55808277,-5022791
55793132,-4509088
55792091,-4520013
55746696,-5049421
55633029,-5668105
55611007,-5515637
55598674,-5684751
55594139,-5468464
55592029,-5462197
55585514,-5465893
55414688,-5587706
55413581,-5571877
55407447,-5548140
55338356,-5694811
55316787,-5636558
