55839771,-4491424
55960620,-5644618
55962547,-5446644
55976680,-5467981
56010379,-5400050
56010841,-5450065
56023075,-5447626
56023231,-5626584
56024181,-5632533
56028255,-5629657
56043193,-5437120
56043598,-5564259
56053916,-5623618
56061187,-5487187
56074680,-5540284
56088714,-5561209
56091445,-5557295
56102035,-5274569
56103096,-5508049
56105457,-5546201
56119144,-5255152
56121376,-5420372
56124950,-5501846
56129997,-5233903
56215957,-5301489
56217288,-5631808
56218067,-5633898
56237106,-5078061
56242465,-5082623
56247573,-5624320
56248973,-5649539
56250419,-5653849
56291507,-5655691
56295078,-5649637
56327278,-5443201
56331695,-5510211
56335815,-5516530
56340377,-5154373
56347530,-5187406
56351524,-5482143
56354480,-5510477
56377845,-4998602
56387229,-5433931
56391139,-5514194
56400695,-5528710
56406810,-4978560
56406951,-5467586
56407299,-5486414
56408458,-5488320
56436649,-4867710
56436698,-5470981
56451366,-5319118
56517772,-4768984
56517982,-5315074
56518466,-5345543
56571704,-5378455
56583492,-5398519
56637348,-5287570
56644008,-5290352
56666557,-5273545
56677917,-5237542
56561290,-5342684
56560585,-4735636
56518554,-5319581
56518028,-4769556
56517757,-4768041
56510925,-5493981
56499366,-4983429
56498592,-5520918
56495296,-5433884
56492214,-5398956
56466365,-5364618
56462947,-5295073
56457157,-5244972
56451774,-5234204
56439918,-5421823
56439914,-5393161
56409481,-5465986
56408061,-4985517
56407680,-4906239
56402908,-5473609
56402820,-4963853
56402606,-4962686
56401287,-4964543
56399711,-5046881
56347530,-5187406
56345996,-5121685
56342720,-5129073
56340377,-5154373
56335815,-5516530
56263034,-5279727
56231697,-5073880
56231391,-5072841
56231033,-5072070
56230194,-5071906
56140045,-5213945
56138141,-5218004
56133213,-5484679
56129997,-5233903
56124950,-5501846
56119144,-5255152
56118160,-5251850
56116146,-5252871
56114898,-5254134
56113113,-5483568
56085521,-5444394
56062397,-5338199
56061717,-5336051
56049987,-5585525
56048412,-5443285
55976795,-5678020
55976680,-5467981
55975200,-5452442
55868701,-4425453
55860939,-4392335
55857368,-4392340
55844192,-4418190
55844169,-4418382
55840339,-4469640
