55599826,-6295666
55642093,-6236227
55661750,-6250827
55666770,-5749869
55667209,-6070257
55672504,-5741255
55676044,-6504372
55676639,-6505745
55680313,-6510117
55743087,-6379425
55747447,-6425555
55760822,-6273293
55766834,-6366281
55781532,-6440917
55786495,-6448140
55816692,-6199428
55816909,-6395796
55817428,-6437296
55862857,-4408244
55863056,-4409348
55877063,-4468327
55882106,-4453313
55882366,-6123949
55882404,-6126801
55883056,-6128566
55886592,-4430647
55887748,-4466942
55895637,-4466323
55893947,-4437762
55887172,-4390959
55885818,-4384288
55882648,-4377587
55878993,-4371382
55871860,-4367126
55870441,-4367648
55867645,-4372272
55854732,-6109632
55847713,-6105438
55845718,-6104316
55840045,-6128171
55839641,-6164137
55837165,-6418768
55826057,-6320147
55819343,-6159273
55815246,-6140284
55716358,-6473053
55705219,-6426443
55689430,-6223742
55682945,-5737654
55680217,-6501143
55679061,-6243985
55673831,-5742002
55672504,-5741255
55661750,-6250827
55657798,-6212391
55642780,-6106727
55640182,-6109110
55636215,-6120189
