55800277,-6013645
56025325,-5775319
56068923,-6196358
56289066,-6220052
56506221,-5807825
56478988,-5714899
56467250,-5700074
56465957,-5698747
56437980,-5685945
56308307,-6189269
56303947,-6347365
56294662,-6223128
56289066,-6220052
56074081,-6233407
56070938,-6189616
55939590,-5852968
55901000,-4566542
55898853,-4550721
55895053,-4540492
55879474,-4523900
55877613,-5910308
55874515,-4548646
55873241,-4490226
55855224,-4523351
55854457,-4538191
55843852,-5947159
55832607,-5950412
55831645,-5951721
55804012,-6006270
