55896789,-4488521
55903171,-4543633
55919017,-4543161
55919662,-4531345
55921417,-4472300
56394111,-6019026
56399955,-5972517
56448715,-6893812
56451221,-6935188
56481742,-6972021
56483516,-6962058
56484115,-6291926
56488697,-6963077
56489368,-6939958
56490234,-6878352
56492149,-6031159
56493213,-6819015
56494064,-6956867
56494785,-6843774
56496868,-6136333
56500164,-6962675
56513141,-6176692
56513843,-6935337
56514545,-6950872
56606292,-6047813
56614433,-6087982
56622959,-6072747
56623394,-6527556
56624851,-6526507
56626586,-6068163
56661754,-6536018
56626586,-6068163
56624538,-6063766
56606292,-6047813
56600719,-6612751
56599884,-6278882
56598819,-6233845
56596675,-6205351
56535625,-5979994
56535408,-6800307
56527584,-6735977
56517292,-5940462
56516113,-5912378
56515892,-5913462
56492149,-6031159
56477603,-5980653
56475257,-6903786
56474159,-5974200
56464679,-6895545
56460586,-6892985
55912273,-4493913
55911964,-4473380
55904029,-4480232
