52690040,-270318
52690761,-271000
52799873,-161044
52800308,-196508
52803768,-226585
52806568,-241500
52812801,-250210
52837440,-159561
52838008,-228248
52847736,-266581
52849529,-266703
52868728,-148639
52868747,-197059
52875228,-238590
52876548,-243945
52882957,-264017
52908367,-251744
52914794,-228031
52914871,-203544
52914611,-189086
52893188,-150793
52875583,-119846
52858444,-90344
52814449,-160044
52813102,-134251
52811737,-132633
52794864,-130493
52792327,-131506
52780944,-136680
52778018,-139384
52756694,-274482
52756294,-173846
52754474,-168087
52731578,-144872
52719711,-149981
52704753,-254106
