52651496,-21435
52712978,-44798
52714649,-64444
52727745,-127930
52741893,56108
52742240,-127117
52743354,-132210
52745704,-139176
52760711,192669
52760818,-18157
52761032,-74203
52761661,-110751
52761859,-112877
52766738,-159757
52771472,-160106
52778347,219593
52778419,81805
52778587,-139938
52779258,-139776
52788089,114019
52788139,-133421
52788883,-134383
52803840,15962
52803848,1646
52803905,-86177
52804031,-126672
52814403,113173
52814449,-11266
52818771,-94354
52819477,-107547
52831577,124162
52831745,28744
52837417,-58826
52845291,-86853
52850276,-82060
52869773,41037
52870941,-42385
52872611,-24119
52873710,12127
52871986,94754
52850521,-28376
52849273,142149
52843563,165315
52842720,168704
52841331,171860
52839447,174808
52816879,2512
52816745,129924
52816600,172152
52814445,202763
52808444,208232
52798686,-65031
52798652,93215
52798442,138834
52796039,211089
52779159,-96204
52779041,152088
52778347,219593
52756931,84663
52756683,154409
52746204,-80084
52746089,97984
52745594,104672
52744552,116593
52734111,87722
52711540,-21531
52710437,34170
52675373,-63193
52673694,-11689
52665122,14555
52664703,14108
