52505275,258045
52508289,218529
52555988,184851
52560741,154045
52590507,227168
52590980,213462
52596458,128037
52600791,113450
52610908,100762
52626556,242962
52626964,167476
52630912,120147
52634246,115121
52654682,286216
52654758,147131
52655120,145419
52658828,149593
52679866,274941
52679901,219642
52682128,164837
52683681,157516
52687892,155919
52719509,257058
52719947,196088
52742218,177577
52756439,221235
52747032,251102
52745529,252995
52721210,281032
52706161,280335
52703910,280085
52682250,177803
52681621,272532
52679023,307355
52654464,208462
52654338,281452
52648769,303072
52636924,291601
52622283,133027
52622180,150988
52621208,230515
52618637,284251
52601966,273234
52573772,176555
52573650,224307
52567909,246004
52526714,278723
