52183692,-237653
52242752,-262719
52243110,-292365
52286647,-213952
52286746,-363394
52289798,-402547
52433849,35016
52435222,19425
52451400,-4160
52476234,98816
52477108,25996
52490993,-25612
52502201,-44352
52508853,-51277
52511619,-49018
52520069,245699
52520420,81922
52526313,36309
52528156,24703
52531650,12701
52541240,237769
52541328,89371
52542407,53086
52545806,-19715
52553497,-17349
52562156,242094
52562179,91026
52562236,80981
52568084,-242185
52568416,-244269
52570201,-246249
52574523,-249899
52581176,-252319
52588760,56993
52588764,-207185
52588798,-241093
52588840,-252650
52588844,-253373
52588958,-253752
52589370,-254843
52592983,-260145
52596107,-263626
52596496,-263862
52598457,-259620
52599460,-255815
52600421,-252115
52603633,-229689
52608932,238073
52609027,61000
52616436,-14758
52616905,-19094
52617073,-20476
52629943,167831
52630550,37127
52632297,12482
52634365,-5232
52646499,239354
52646522,115921
52646606,47348
52651496,-21435
52663742,170124
52663745,144230
52664119,64020
52664745,-2738
52665622,-18726
52675373,-63193
52681713,-87497
52688270,273795
52688270,165259
52688293,95585
52688922,-79061
52690040,-270318
52690761,-271000
52697715,179180
52697784,-57894
52698638,-266189
52703098,275039
52703250,-4958
52703548,-264944
52709751,112421
52709995,-243490
52710708,-244394
52731071,222419
52731212,22666
52732086,-429675
52734764,-440539
52743110,-462522
52750526,73140
52750591,-417526
52753890,-432002
52762229,-420083
52769134,194263
52769142,-383206
52769157,-384361
52769863,-408527
52778617,-159716
52778621,-378970
52778816,-432248
52782932,117907
52782947,-170106
52783477,-427707
52790752,-25339
52790763,-142122
52800575,-156076
52800640,-366566
52800678,-471899
52805141,22936
52822765,65208
52875881,-207626
52876441,-243207
52876548,-243945
52882957,-264017
52908367,-251744
52914794,-228031
52914871,-203544
52914611,-189086
52893188,-150793
52875583,-119846
52873710,12127
52871986,94754
52862827,-201957
52862319,38920
52859893,90755
52856395,128672
52851371,-348757
52851276,-145802
52850521,-28376
52849273,142149
52843563,165315
52842720,168704
52841331,171860
52839447,174808
52833759,-254683
52833019,35647
52831775,112548
52831577,124162
52828155,190764
52818374,-120877
52818111,18017
52816600,172152
52814445,202763
52808414,-165209
52808319,12697
52808048,125611
52803176,171825
52798870,200893
52796039,211089
52788860,-148472
52788852,122035
52787536,208077
52779438,-141429
52779342,5651
52779041,152088
52778347,219593
52771472,-160106
52771453,209294
52766460,-376339
52766452,191505
52763793,200127
52761314,197991
52757102,-366891
52757083,-168997
52756931,84663
52756683,154409
52756439,221235
52750663,-188336
52750526,73140
52748485,234121
52747032,251102
52745529,252995
52743019,251087
52736351,-367874
52736293,226909
52736080,228049
52727745,-127930
52727447,224752
52727298,232732
52720848,-207621
52720382,198612
52719184,280556
52713687,278078
52706928,-59679
52706890,105829
52706161,280335
52703910,280085
52698265,273974
52690822,-72751
52690765,83374
52690547,147008
52689270,232517
52688270,273795
52688175,274485
52678966,-15104
52678955,161336
52678836,190785
52678470,271703
52677783,279605
52664478,294225
52648185,146041
52648136,231486
52644531,263187
52636924,291601
52625007,27660
52624614,166429
52624324,216665
52623840,227162
52622333,249794
52618637,284251
52614143,276643
52602596,62780
52602554,225978
52602340,254336
52601966,273234
52598674,267071
52594207,-223587
52594173,174672
52592353,255284
52586944,-222375
52586814,74763
52586143,207711
52585659,223128
52579410,-206814
52579231,210611
52578090,235835
52567909,246004
52557765,245471
52546653,35691
52546634,99505
52545997,241049
52545234,299136
52533172,87981
52532039,245175
52526714,278723
52513092,118862
52511905,261656
52505275,258045
52496223,13577
52428924,76622
52425563,49827
52282016,-360211
52282005,-258207
52280620,-214283
52280448,-212516
52279991,-210804
52271392,-181661
52261592,-166647
52235183,-248984
52235084,-238077
52230587,-120940
52193477,-187345
52192615,-169311
52184886,-218472
