52869758,-77235
52870491,-81375
52883285,-118339
52892440,-140285
52912750,-19466
52912857,-69093
52913192,-132882
52914291,-170047
52915843,-183412
52924438,-199298
52939910,-202748
52976722,-133660
52977024,-205215
52977035,-205274
52978557,-211914
52982952,-222279
53013240,-138822
53017726,-194565
53032295,-201579
53032684,-186842
52996589,-164036
52995929,-72407
52978607,-210062
52977455,-110019
52973834,-21321
52955841,-167340
52955692,-68747
52955139,-65185
52941070,15177
52932281,9799
52919826,-180761
52919799,-58267
52919292,-40514
52916347,-5529
52911792,4909
52875007,-74251
52873119,-40189
52872802,-39579
