52939559,27906
52994445,77967
52994979,33528
53012973,-70686
53014411,-117782
53032104,52932
53032176,-93385
53032932,-123985
53067588,189659
53067844,82334
53068946,-6858
53069675,-43031
53070758,-48332
53103908,39050
53103981,-51056
53106563,-142847
53112487,-156263
53123752,-150446
53142242,-135881
53158176,-95209
53164127,-77114
53166835,-46323
53166072,-35498
53121067,96698
53117359,119322
53110118,121879
53098545,-89525
53097908,43950
53094631,190749
53087810,209297
53077198,213154
53071739,213203
53055641,-41465
53055438,127525
53055362,158686
53055229,172886
53050910,175967
53035987,20481
53035984,138388
53033542,156463
53013389,-22598
53013153,57473
53012596,116494
53007194,118808
52960514,62656
52960273,76908
52939964,63435
