52270702,-114313
52283592,-142282
52284099,-318322
52284118,-319245
52284557,-332834
52294979,-78996
52295532,-387032
52296489,-465555
52296798,-472877
52314022,-94016
52314727,-474372
52315525,-498830
52323574,-231762
52323577,-405058
52324684,-451653
52324935,-452421
52326118,-454037
52336120,-123641
52336441,-321122
52338657,-439639
52342960,-452966
52349483,-111961
52349651,-179524
52353576,-347285
52356605,-430375
52361370,44622
52362174,-331970
52362472,-407653
52363361,-466705
52367214,-471287
52381317,4182
52381324,-44482
52400920,-84379
52401351,-206913
52402484,-334713
52411361,-375693
52412250,-378175
52414962,-379457
52437728,-283115
52437896,-352532
52463073,-324434
52464031,-303348
52453868,-318441
52449672,-22192
52449180,1168
52434169,-279634
52420852,-271417
52420684,22512
52418910,33238
52398017,-295740
52397933,-63239
52396682,2055
52394229,27488
52381599,13451
52377586,8332
52371971,-448736
52371955,-149035
52370338,13116
52362613,41595
52361370,44622
52353454,46562
52351615,45258
52343070,-343860
52343013,-113719
52342010,-6566
52333320,-299695
52333229,-126141
52333217,-122634
52333198,-120345
52332572,-111303
52331348,-108623
52301429,-472204
52301387,-389122
52301071,-70578
52300754,-63831
52300556,-60598
52299686,-60049
52293571,-60008
