52270702,-114313
52283592,-142282
52284099,-318322
52284118,-319245
52284557,-332834
52294979,-78996
52295532,-387032
52296489,-465555
52296798,-472877
52313709,-82425
52313854,-166938
52314727,-474372
52315525,-498830
52322898,-74265
52322902,-217673
52323566,-450282
52324935,-452421
52326118,-454037
52334236,-188258
52334255,-212534
52338657,-439639
52342960,-452966
52349483,-111961
52349552,-170615
52349639,-193795
52353576,-347285
52356605,-430375
52361370,44622
52362174,-331970
52362472,-407653
52363361,-466705
52367214,-471287
52381317,4182
52381324,-44482
52400920,-84379
52401351,-206913
52402484,-334713
52411361,-375693
52412250,-378175
52414962,-379457
52431983,-131899
52432003,-273570
52432281,-355993
52432712,-358742
52433647,-359149
52445148,-157254
52445205,-257045
52453868,-318441
52463909,-50010
52472393,-153289
52476757,-172146
52536014,-319299
52538715,-323443
52551338,-326443
52552513,-325749
52559974,-316511
52566707,-262988
52888477,-80462
52888805,-92385
52890937,-125871
52892440,-140285
52912750,-19466
52912857,-69093
52913192,-132882
52914291,-170047
52915843,-183412
52924438,-199298
52939964,63435
52940078,-155030
52940090,-156279
52941997,-169652
52957794,-27667
52957870,-83391
52958843,-162166
52959175,-176043
52974533,-28171
52974540,-60788
52974754,-187642
52977024,-205215
52977035,-205274
52978557,-211914
52982952,-222279
52990966,57282
52990978,-30327
52993446,-129645
52996284,-168221
53006843,59513
53006992,-23427
53008850,-120722
53017726,-194565
53020153,-187069
53030403,92222
53030529,-84882
53030578,-91964
53032295,-201579
53040824,113402
53040824,-39735
53040924,-96266
53067588,189659
53067844,82334
53068946,-6858
53069675,-43031
53070758,-48332
53103908,39050
53103981,-51056
53106563,-142847
53112487,-156263
53124435,43056
53140022,-50486
53142242,-135881
53147663,319620
53147701,6864
53148223,-80412
53155677,319424
53155834,137684
53156593,-94980
53156787,-96285
53158176,-95209
53164413,257898
53164646,13833
53166072,-35498
53166835,-46323
53176712,301553
53176712,73553
53176719,71952
53176883,40116
53180931,-3555
53183036,-10925
53191310,335374
53191341,180183
53191749,107451
53195640,40557
53201705,11125
53207874,-17427
53228443,329035
53228752,18445
53233551,9920
53235481,11194
53239078,19185
53241462,315279
53254272,279765
53259220,300749
53261737,320647
53261932,322697
53258762,325239
53237636,337146
53234527,337847
53213592,172866
53213199,339006
53212024,338224
53203285,49290
53203193,144967
53201087,348140
53198665,350537
53192218,353888
53174808,207372
53174350,348026
53173789,352289
53150554,347818
53144863,346356
53141498,345171
53130550,87668
53130489,171615
53130363,336627
53130245,339924
53129623,340578
53126197,339480
53117485,35868
53117439,230583
53117279,253858
53115989,328779
53108898,10092
53108825,233918
53108741,263179
53107273,326604
53106410,328052
53099407,-68948
53099315,224253
53098819,279511
53090297,5133
53090171,191358
53090122,218149
53085990,218907
53055438,127525
53055362,158686
53055229,172886
53050910,175967
53035987,20481
53035984,138388
53033542,156463
53013389,-22598
53013153,57473
53012596,116494
53007194,118808
52996589,-164036
52996425,-20140
52996192,75383
52995777,99593
52990604,103231
52963634,-19882
52963565,24220
52963447,53176
52962173,79828
52945693,-155031
52945659,36809
52944759,61266
52940975,63377
52939964,63435
52926551,-180375
52926528,-54589
52919975,-14407
52916347,-5529
52911792,4909
52875007,-74251
52873119,-40189
52872802,-39579
52563175,-256370
52563114,-239096
52562671,-230365
52562015,-227622
52559860,-220991
52557994,-215358
52482204,-78905
52480010,-48636
52475063,3123
52461940,-305621
52435913,-105488
52434104,2780
52423229,-368463
52422508,-62221
52420684,22512
52418910,33238
52398017,-295740
52397933,-63239
52396682,2055
52394229,27488
52381599,13451
52377586,8332
52371971,-448736
52371955,-149035
52370338,13116
52362613,41595
52361370,44622
52353454,46562
52351615,45258
52344161,-358867
52344142,-197161
52344036,-78617
52342010,-6566
52328491,-178558
52328487,-82241
52328365,-32143
52328083,-27738
52323169,-5824
52318023,-31487
52304302,-198736
52304264,-107197
52303810,-78101
52302551,-65864
52300556,-60598
52299686,-60049
52293571,-60008
