52781490,473452
52784324,448648
52792320,457686
52808990,701185
52809391,568205
52809707,484887
52827865,454570
52843933,729107
52844070,508620
52844127,494842
52844455,493673
52866195,446408
52871547,451464
52890052,679866
52961551,746564
52961658,635643
52961685,617615
52974464,636199
52964649,747163
52964092,751491
52948246,759788
52936840,760239
52934719,759449
52920970,497310
52920734,652095
52919418,700975
52908355,493520
52908157,626634
52871391,558225
52871257,656028
52866798,723766
52861354,743870
52844181,513382
52843933,729107
52834777,747582
52801189,662126
52799205,700163
52790824,629809
