52644458,747726
52685199,593877
52685234,581213
52689228,519435
52700950,797697
52700988,483545
52702331,467664
52703319,462376
52704841,458732
52720779,436912
52735256,770161
52735462,508525
52735858,475825
52739906,459387
52749969,704971
52750091,509248
52751750,457535
52763233,744083
52763332,552034
52764038,527156
52767772,509636
52782299,515327
52783912,516858
52793354,651687
52791061,689690
52771732,549544
52771221,662417
52755764,566841
52755691,804718
52752563,841431
52743072,551605
52743057,793638
52741844,848724
52726364,673390
52725795,791660
52723918,833633
52713352,579230
52712848,709780
52709388,809755
52708881,824129
52707340,832247
52705230,839631
52698280,833495
52682315,588134
52682090,757191
52681102,762826
52674701,762850
52646160,752247
