52536991,444061
52587291,595604
52587337,479564
52587543,454816
52588092,449104
52607997,420880
52638725,502143
52641475,403315
52651180,387102
52656581,382369
52670715,560875
52670871,385320
52671913,381146
52674667,371356
52712253,428604
52714241,410162
52715240,408174
52729885,410981
52732543,414209
52732471,423463
52671913,381146
52671752,438082
52670715,560875
52664791,568663
52629817,500201
52623786,536517
52589042,586657
52588890,600202
52588706,606525
52569770,490378
52569671,510176
52569290,520663
52564899,531862
52557250,549244
