52464359,446674
52528038,430280
52528785,310867
52566551,486595
52566841,-282237
52567218,-290205
52568824,-296797
52570663,-300615
52574501,494749
52574607,-255001
52575107,-286091
52575244,-293066
52575477,-294798
52576469,-297555
52579162,580555
52579196,-261461
52579200,-276869
52579250,-282269
52579391,-293303
52579898,-295379
52580524,-295104
52588890,600202
52588897,-271174
52589046,-281960
52589477,-286274
52591438,-286945
52595500,373398
52595516,-287273
52595825,-292030
52598049,-292652
52607662,380805
52607666,369329
52607818,326267
52620059,296969
52627067,749340
52627315,427415
52627357,409462
52629493,333283
52637737,695111
52637821,381634
52638763,365053
52647899,684012
52648014,414546
52648155,332177
52654014,735801
52654022,679345
52654090,391238
52658843,346854
52682090,757191
52682117,582657
52682209,359869
52682666,286449
52698280,833495
52698413,416779
52698455,287822
52698474,284274
52700744,279638
52702388,279769
52711738,702441
52712039,412262
52712711,290848
52725795,791660
52725921,641245
52734485,405838
52734981,285053
52740360,270372
52755088,418983
52755176,289949
52755229,237875
52764896,228707
52773715,664956
52773719,440417
52774559,317580
52781414,646385
52781490,473452
52781707,440404
52782993,265740
52792919,516088
52793064,439423
52796424,340193
52797447,323322
52806068,608473
52826202,516334
52826496,462554
52827865,454570
52843933,729107
52844070,508620
52844127,494842
52844455,493673
52866195,446408
52871547,451464
52890052,679866
52901645,468183
52929645,480787
52936176,484082
52946029,735036
52946094,576849
52946357,495944
52946380,491450
52947818,491875
52949840,494522
52953807,502969
52966526,531092
52974464,636199
52964649,747163
52964092,751491
52952613,504180
52952266,741464
52951164,747082
52948246,759788
52940170,492061
52940032,728232
52939895,733076
52939006,757906
52938621,758596
52936840,760239
52934719,759449
52920970,497310
52920734,652095
52919418,700975
52908672,497688
52908592,542986
52871547,451464
52871257,656028
52866798,723766
52861354,743870
52844181,513382
52843933,729107
52834777,747582
52801189,662126
52799205,700163
52759544,427841
52759525,571065
52758502,747713
52757301,803176
52752696,281580
52752689,419869
52743392,560630
52743057,793638
52741844,848724
52732471,423463
52726364,673390
52725795,791660
52723918,833633
52717685,409756
52717670,752297
52716770,826016
52711589,409202
52709388,809755
52708881,824129
52707340,832247
52705230,839631
52698268,285785
52698207,771292
52697975,823691
52691120,427920
52690818,569570
52688541,717286
52684566,763252
52671752,438082
52671318,611914
52670265,733459
52666858,786302
52659824,432809
52659687,542145
52659194,689112
52657760,755452
52655807,775913
52636829,374366
52636783,683332
52636753,689272
52624153,460736
52623165,690537
52618354,734817
52612365,755228
52605667,406868
52605640,646258
52605262,748063
52603195,733592
52599594,-278993
52599571,354065
52599391,663796
52596782,-274807
52596729,376579
52596553,580254
52593242,-269438
52593158,375367
52592918,557340
52592704,642247
52590320,-272565
52590312,503754
52589603,610757
52586524,-259961
52586467,372274
52586219,480342
52585906,574352
52584663,646544
52580078,-261352
52580055,388313
52579799,578422
52579162,580555
52576259,-264558
52576190,506752
52574684,513209
52571769,-255055
52571693,521435
52570213,559321
52567218,-290205
52567153,495202
52566890,518990
52564899,531862
52557250,549244
52544788,354318
52544586,379351
52540985,449149
52517738,430875
52494144,369717
