52569770,-179864
52572509,-321150
52581405,-372470
52590454,-95920
52590869,-361815
52591201,-365433
52596176,-372439
52629997,-306820
52630302,-344354
52633293,-349133
52634757,-350746
52652706,-160807
52655155,-315857
52657161,-358702
52664161,-32618
52664196,-256965
52664226,-292912
52664527,-359653
52669395,-361748
52744682,-301667
52715000,-115670
52711849,-134177
52698047,-340476
52697998,-132859
52695430,-90103
52694221,-81582
52682880,-302394
52682514,-236664
52681919,-162023
52680984,-91348
52664039,-253068
52662456,-164452
52659641,-68295
52643421,-242590
52643375,-178191
52639137,-60272
52629997,-306820
52628959,-118703
52622817,-63476
52618965,-37069
52612895,-37785
52572509,-321150
52571674,-159746
