52450931,-216717
52455596,-271808
52457511,-279018
52474147,-327606
52481456,-345354
52518718,-270128
52520381,-329521
52528709,-361858
52549903,-230377
52549964,-329091
52550098,-332183
52550811,-331345
52551124,-329253
52560657,-64649
52560684,-129888
52560691,-135936
52560970,-142239
52561172,-145122
52562080,-145394
52563850,-143047
52571170,-102157
52586063,-3907
52613357,-286193
52586063,-3907
52576530,-4318
52553066,-117084
52552749,-22236
52552459,-20361
52534797,-222447
52532398,-42568
52529117,-22649
52497783,-247792
52494995,-202296
52474918,-188669
