52594184,-559601
52615726,-580959
52617568,-582525
52621734,-584945
52634124,-410147
52634178,-572265
52639335,-590083
52661682,-492602
52661708,-516067
52671199,-551610
52678092,-571973
52683586,-584119
52701164,-452496
52701210,-567133
52718135,-416392
52719104,-503504
52726280,-527203
52732826,-520614
52738170,-509606
52736713,-485364
52712497,-446159
52712425,-387479
52710617,-385385
52669971,-453377
52668502,-407864
52666824,-384220
52664268,-380705
52637992,-480027
52637859,-424935
52637462,-371823
52611579,-527067
52610984,-384858
52602607,-385742
52594932,-541027
