56369659,-3614631
56481605,-3594474
56483642,-3614323
56489368,-3653627
56496646,-3300855
56496852,-3523702
56519756,-3408712
56520641,-3535076
56525432,-3547381
56530216,-3467696
56530376,-4151272
56531539,-4108180
56533515,-3288347
56534194,-3471525
56534614,-3487802
56537033,-3507070
56550075,-3269178
56550125,-3456462
56556774,-3486720
56562145,-4057201
56564243,-3299627
56567340,-3424493
56579936,-3195276
56580375,-3997508
56582443,-4020544
56594596,-3474199
56594890,-3981009
56596328,-4243800
56615989,-3178735
56616271,-3962604
56617729,-3999790
56618080,-3994560
56618389,-3989801
56621520,-3230994
56621551,-3866548
56621967,-3919445
56624382,-4013313
56629131,-3224559
56629386,-3830710
56630783,-3862097
56631206,-3867497
56648632,-3402017
56656005,-3254221
56679489,-4506606
56680507,-3276827
56681892,-4422072
56681922,-4444328
56685485,-3238778
56685516,-4256484
56685794,-4576427
56686950,-3257438
56687793,-3694717
56691188,-4138589
56691421,-4378066
56694126,-3495249
56694400,-3988651
56697082,-4187873
56702964,-3723373
56703022,-4136107
56704048,-4262168
56706119,-4230075
56713329,-3228715
56713394,-3726219
56714611,-3944832
56717178,-4035262
56726768,-3771453
56727291,-3827246
56755699,-3320692
56755920,-3618432
56758529,-3840820
56763523,-3949766
56766460,-3962043
56789772,-3793398
56792583,-3329814
56798416,-3430462
56806499,-4095226
56812210,-3469564
56823669,-3490561
56850273,-3432326
56861991,-3916552
56881130,-4338910
56900352,-3628190
56940090,-4239358
56765201,-3836964
56764732,-3329876
56764507,-3244799
56761920,-3847890
56755920,-3618432
56755699,-3320692
56748870,-3790973
56748580,-3393064
56744285,-3323807
56721794,-3453974
56721263,-3390878
56718505,-3246237
56717964,-3260940
56713394,-3726219
56713329,-3228715
56709095,-3729747
56707622,-3246840
56704765,-3233466
56704029,-3231270
56701053,-4185932
56701007,-3228085
56699645,-3256571
56694400,-3988651
56694126,-3495249
56693084,-3403048
56686950,-3257438
56685485,-3238778
56678596,-4364326
56675148,-3237378
56674739,-3218662
56638423,-3177527
56637672,-3151401
56604183,-3321475
56603797,-3206618
56602565,-3110343
56584274,-3999798
56584079,-3336518
56583740,-3121806
56579502,-4003144
56579124,-3286495
56577495,-3168617
56576343,-3105065
56565898,-3156640
56562145,-4057201
56547054,-3121924
56546783,-3106172
56526355,-3454509
56526271,-3262496
56526214,-3214213
56512706,-3198066
56504680,-3588310
56504325,-3305423
56502315,-3261993
56493778,-3192987
56490386,-3213636
56488697,-3236562
56481605,-3594474
56481578,-3446381
56481475,-3215657
56480777,-3201363
56473323,-3498504
56472030,-3220403
56470176,-3149879
56453697,-3677829
56453170,-3469088
56453151,-3462987
56451087,-3202535
56450294,-3160587
56421623,-3600458
56421600,-3518632
56421546,-3469377
56414127,-3445684
56411319,-3438171
56397476,-3426356
56396678,-3426067
56395774,-3425871
56370037,-3594474
