56254402,-3411538
56269382,-3461082
56292396,-3496214
56304256,-3627177
56307266,-3643678
56328475,-3333941
56329242,-3607652
56334537,-3616496
56346027,-3404176
56346157,-3496021
56349136,-3566254
56354900,-3566571
56385757,-3465730
56387641,-3499835
56395069,-3206195
56395076,-3419478
56395153,-3446196
56395320,-3448616
56416816,-3264460
56416820,-3404320
56417240,-3408680
56422607,-3438110
56432918,-3448408
56451595,-3454084
56462448,-3454856
56558628,-3381243
56559329,-3399915
56560115,-3418282
56564533,-3412344
56973949,-4400183
57001331,-4317798
57012569,-4386710
57049690,-4132931
57061283,-4138576
57066627,-4129300
57068859,-4123886
57125144,-3933881
57127723,-3944953
57131717,-3928045
57133285,-3670162
57175189,-3814495
57182178,-3831225
57184280,-3832960
57189800,-3835302
57280345,-3810759
57281166,-3830491
57290206,-3913048
57302234,-3728292
57304832,-3778447
57313270,-3569632
57315120,-3618610
57324371,-3701345
57341033,-3517579
57344158,-3576793
57356922,-3610292
57402748,-3451093
57435840,-3698038
57425983,-3660391
57402748,-3451093
57396968,-3413373
57381095,-3566657
57375633,-3499267
57356922,-3610292
57329181,-3549314
57325695,-3532608
57292121,-3728548
57264759,-3654222
57264503,-3640033
57264179,-3638924
57223133,-3769030
57179698,-3758218
57167984,-3694285
57164566,-3676517
57121742,-3914972
57112545,-3894052
57091072,-4011117
57090156,-3961075
57074813,-3902621
56558635,-3362076
56546875,-3343631
56526054,-3346357
56484859,-3370198
56484558,-3284137
56462448,-3454856
56461605,-3321419
56460910,-3295381
56428882,-3387170
56427539,-3225383
56418167,-3181411
56417705,-3179549
56407684,-3413789
56407577,-3229992
56406227,-3211798
56402469,-3198359
56383380,-3395445
56383102,-3275295
56377761,-3215526
56352359,-3471180
56350227,-3341465
56337291,-3541940
56336021,-3302808
56329456,-3285489
56319950,-3557054
56315414,-3346921
56312454,-3316409
56304256,-3627177
56287868,-3362899
56280799,-3361113
56261627,-3389250
