56247806,-3716599
56300029,-3746399
56301864,-3784013
56691070,-5159947
56691089,-5588835
56692890,-6127981
56702888,-5703503
56704116,-5571052
56704345,-5229599
56716594,-5268642
56719017,-5261740
56732913,-6190506
56786815,-5740612
56788982,-4599829
56835010,-5100889
56836013,-5146905
56855266,-5015568
56865806,-5070698
56883987,-4873243
56888397,-5710804
56890769,-4922859
56909671,-5843910
56910774,-5847557
56911758,-5848108
57138992,-4661529
57140411,-4686492
57147926,-4692560
57154499,-4678684
57152061,-4671562
56898086,-5790304
56895530,-5049421
56895015,-4913227
56893115,-4837635
56888431,-4683345
56774513,-5167422
56774169,-5115740
56760440,-5821604
56758571,-5610991
56754192,-5843245
56748729,-5805848
56743747,-6173532
56716594,-5268642
56715190,-5562276
56714359,-5780070
56702888,-5703503
56696945,-5567839
56693378,-5177312
56692890,-6127981
56690048,-5944552
56683063,-5824682
56361297,-3673151
56361057,-3613976
56353584,-3607543
56340515,-3615487
56297088,-3676178
56296272,-3663392
56277984,-3678152
