50386592,-4252363
50391727,-4358664
50395347,-4367160
50396701,-4368649
50410732,-4209804
50410751,-4335343
50411808,-4359675
50415927,-4378603
50421833,-4383193
50441352,-4242977
50442775,-4333878
50444820,-4344796
50450092,-4344760
50493263,-4266373
50495819,-4255709
50494827,-4225811
50452674,-4301878
50451873,-4245925
50443023,-4205914
50442123,-4205900
50420715,-4354219
50418598,-4214717
50408065,-4205838
50407806,-4205699
50406383,-4207111
50403167,-4210473
50398220,-4216947
50386726,-4250146
