50373359,-4471690
50375236,-4483081
50436092,-4440679
50440326,-4562925
50441551,-4574329
50445144,-4606303
50445579,-4609342
50451366,-4627791
50488800,-4424065
50488830,-4468802
50489627,-4524211
50490715,-4568697
50508201,-4375961
50508361,-4451485
50509292,-4566857
50510547,-4581694
50530693,-4401673
50530960,-4588044
50535415,-4521491
50539802,-4443546
50539199,-4423332
50530693,-4401673
50508201,-4375961
50487007,-4478675
50486900,-4373425
50478443,-4355862
50442794,-4524028
50442508,-4409430
50432197,-4365872
50420417,-4561878
50419506,-4411021
50412071,-4396005
50392757,-4530317
50389583,-4480103
50383655,-4475095
