50539989,-4569004
50547000,-4580607
50570121,-4452685
50572200,-4561604
50573123,-4571117
50599113,-4456694
50599311,-4510522
50604568,-4533017
50617240,-4325739
50617633,-4386732
50619235,-4535912
50624763,-4586066
50635433,-4362955
50635482,-4433544
50636058,-4541683
50640708,-4579686
50646564,-4573924
50659519,-4346519
50659641,-4420473
50660087,-4500275
50664417,-4537979
50679870,-4360813
50680297,-4527029
50684101,-4569027
50700954,-4384136
50701187,-4474802
50702857,-4524305
50708938,-4565584
50721412,-4385713
50725585,-4450270
50729576,-4429888
50693527,-4493259
50693161,-4357460
50692237,-4287557
50678054,-4551030
50677600,-4426621
50673652,-4265330
50664417,-4537979
50664356,-4366090
50660015,-4332521
50656517,-4323562
50626422,-4316323
50622135,-4319265
50608093,-4487212
50607677,-4356785
50605403,-4318470
50602798,-4310569
50599761,-4305064
50583812,-4468371
50582874,-4331024
50575820,-4315886
50568485,-4336710
50549224,-4565491
50548007,-4441359
50547492,-4422738
50544544,-4415603
