50318714,-4216588
50323158,-4219029
50330535,-4211195
50330814,-4517201
50330959,-4522282
50336120,-4567934
50336921,-4568526
50343715,-4171511
50344699,-4456327
50345424,-4511311
50347335,-4560162
50349895,-4575426
50361499,-4370368
50361610,-4453923
50361709,-4518147
50362266,-4560557
50362995,-4579749
50368114,-4146511
50368114,-4299034
50368164,-4531244
50368408,-4573307
50375217,-4204229
50375236,-4483081
50375328,-4540909
50379673,-4582413
50388797,-4326160
50388809,-4481455
50389053,-4582557
50403408,-4330183
50404315,-4458523
50404827,-4502094
50407363,-4572954
50420921,-4401196
50421009,-4474860
50429046,-4559301
50433868,-4572208
50441734,-4212783
50441837,-4561373
50445144,-4606303
50445579,-4609342
50470638,-4454902
50470851,-4563025
50472812,-4590672
50488800,-4424065
50488830,-4468802
50489627,-4524211
50490715,-4568697
50502330,-4314899
50502368,-4404283
50502395,-4422110
50502498,-4452338
50502971,-4501089
50524654,-4126801
50524677,-4451217
50530960,-4588044
50539989,-4346833
50540775,-4406914
50547000,-4580607
50552139,-4156075
50552165,-4253895
50552223,-4386828
50559703,-4550308
50563022,-4589348
50570087,-4197228
50570121,-4452685
50572200,-4561604
50573123,-4571117
50579685,-4101141
50579776,-4416403
50583728,-4528437
50589809,-4537106
50612281,-4225485
50612545,-4477863
50612861,-4506802
50614276,-4552696
50617183,-4571217
50624763,-4586066
50635433,-4362955
50635482,-4433544
50636058,-4541683
50640708,-4579686
50646564,-4573924
50659519,-4346519
50659641,-4420473
50660087,-4500275
50664417,-4537979
50679870,-4360813
50680297,-4527029
50684101,-4569027
50700954,-4384136
50701187,-4474802
50702857,-4524305
50708938,-4565584
50721412,-4385713
50725585,-4450270
50729576,-4429888
50706092,-4370473
50703929,-4264381
50701343,-4245605
50679870,-4360813
50678684,-4283564
50675312,-4247547
50661075,-4499988
50660499,-4360308
50659580,-4276751
50649192,-4240244
50632728,-4394936
50632701,-4366651
50632534,-4352317
50601531,-4092717
50601425,-4092628
50594398,-4450457
50594398,-4118597
50590957,-4089097
50581314,-4359778
50581161,-4145548
50579830,-4095738
50576599,-4077373
50561542,-4248525
50561050,-4106087
50558780,-4097433
50546096,-4084474
50531543,-4411862
50531490,-4138864
50527061,-4110076
50497772,-4482665
50497730,-4319918
50497634,-4209403
50497470,-4204756
50496589,-4199018
50495876,-4197786
50486934,-4470367
50486900,-4373425
50486515,-4250698
50486228,-4233006
50485111,-4231656
50459140,-4521558
50459114,-4434481
50458496,-4378414
50457332,-4287339
50456192,-4256062
50453849,-4223492
50445129,-4470611
50444820,-4344796
50443134,-4207060
50443023,-4205914
50442123,-4205900
50420715,-4354219
50418598,-4214717
50408065,-4205838
50407806,-4205699
50388309,-4321803
50387367,-4208239
50387187,-4203475
50319137,-4189144
