50235786,-4802187
50235916,-4818661
50236423,-4861944
50247303,-4865107
50253639,-4861320
50300083,-4800431
50300136,-4832302
50335723,-4868599
50337581,-4896169
50344184,-4902072
50357574,-4912281
50374870,-4779716
50375270,-4861870
50375576,-4911486
50377624,-4911921
50390903,-4894964
50418598,-4771408
50418613,-4836002
50420692,-4864144
50421627,-4873513
50431152,-4855185
50434024,-4824150
50435146,-4807921
50421543,-4760973
50409996,-4765472
50390060,-4886920
50389904,-4783423
50388534,-4779037
50376110,-4767003
50359909,-4754571
50343208,-4889601
50276969,-4787425
50256690,-4768885
50237598,-4789643
