50235786,-4802187
50235916,-4818661
50236423,-4861944
50247303,-4865107
50253639,-4861320
50300083,-4800431
50300136,-4832302
50318538,-4895536
50327598,-4635132
50327709,-4770694
50328189,-4885808
50335174,-4900596
50344192,-4587107
50344219,-4892713
50344245,-4899940
50357574,-4912281
50365585,-4105463
50365585,-4626732
50366054,-4892986
50368782,-3910234
50368980,-4869536
50370742,-4895437
50371032,-4897073
50375576,-4911486
50377624,-4911921
50378734,-4904660
50381423,-3860569
50381427,-4879559
50381431,-4881992
50381935,-4896710
50382331,-4899295
50384708,-3972995
50384723,-4165028
50384792,-4884222
50384834,-4886476
50390903,-4894964
50392955,-4875093
50396385,-4160564
50396404,-4793402
50396659,-4828504
50397968,-4853274
50399234,-4865229
50402885,-3875087
50402931,-4605550
50403129,-4833628
50409240,-4864213
50418567,-3965054
50418598,-4771408
50418613,-4836002
50420692,-4864144
50421627,-4873513
50423179,-4797948
50425861,-3953544
50426391,-4841958
50426704,-3951523
50430389,-3969290
50430423,-4660202
50431152,-4855185
50432994,-3946994
50434024,-4824150
50435146,-4807921
50451770,-4175505
50452159,-4180221
50457489,-4200979
50463539,-4209208
50466197,-4212728
50469181,-4211931
50480236,-4995467
50481372,-5027640
50485977,-4199357
50489585,-4082069
50489604,-4913108
50490432,-5013005
50494865,-4130665
50494873,-4827906
50495052,-4924077
50496471,-4998977
50497753,-5029971
50501399,-4164508
50501625,-4922423
50501689,-5016063
50505393,-4099745
50505531,-4900421
50506889,-4993685
50507740,-5019943
50507793,-5021305
50508556,-5025853
50522140,-4831263
50522296,-4887438
50522624,-4987597
50522708,-4989725
50524394,-5023593
50543651,-3991478
50543651,-4973823
50544780,-5018559
50561935,-4871857
50562698,-4916769
50563442,-4922915
50565238,-4924510
50580490,-3903280
50580566,-4805746
50580711,-4842103
50580936,-4873451
50582481,-4906916
50583591,-4853339
50584995,-3892188
50586265,-4819649
50586490,-4835718
50588844,-4867603
50594757,-4832182
50596134,-3860786
50597522,-3893440
50598068,-3904130
50598739,-3913130
50613037,-3875150
50614974,-3848356
50601627,-3847225
50596134,-3860786
50594066,-4832225
50593555,-3913881
50593208,-3905530
50582481,-4906916
50581775,-3900506
50580867,-3901134
50580490,-3903280
50574192,-4910049
50573352,-4846138
50558647,-3971638
50556427,-4909223
50556354,-4017907
50555004,-3970285
50552387,-4860673
50552375,-3918169
50550209,-4964677
50547760,-4853108
50544979,-4956261
50544948,-3989134
50543853,-3912475
50539947,-4936241
50536560,-4935211
50533725,-4994185
50533557,-4071347
50533252,-4068427
50531471,-4084900
50529041,-4984009
50528907,-4057273
50527252,-4041370
50525260,-4991885
50522132,-4828041
50518421,-4826422
50516941,-4095799
50516315,-4073456
50513591,-4998835
50513557,-4832767
50513332,-4109929
50513263,-4086687
50513065,-4064681
50510272,-4923635
50510219,-4094049
50509346,-4069017
50507484,-4062181
50497989,-4043859
50490695,-4969873
50490573,-4112059
50490280,-4086428
50487846,-4015295
50481544,-4033197
50478893,-4981581
50478858,-4192416
50477527,-4052941
50476383,-4040742
50430423,-4660202
50430389,-3969290
50430328,-3963232
50429496,-4639324
50423458,-4642564
50420242,-3963913
50419872,-3921482
50418735,-3917875
50415481,-4680692
50415298,-3988271
50415283,-3980529
50411834,-4658837
50411575,-3952534
50409912,-3918437
50407550,-4836312
50407546,-4669350
50407283,-3947882
50406032,-3914856
50402820,-4832667
50402763,-3879024
50402301,-3871645
50396762,-3832142
50394424,-4829435
50394348,-3940541
50394016,-3849257
50383609,-4885558
50383590,-4172853
50383514,-3951507
50383499,-3912401
50381980,-3836383
50377082,-4615805
50376258,-3938425
50376068,-3856379
50374881,-3832452
50373352,-3887171
50373241,-3904942
50371242,-4778322
50369270,-3957209
50368782,-3910234
50367973,-3864838
50362693,-4643208
50362686,-3915178
50360076,-4856484
50360031,-3890578
50358482,-3855862
50356182,-4862212
50356170,-4719571
50354320,-3886444
50353908,-3822155
50351570,-4769708
50350841,-3889848
50350578,-3884440
50349346,-3866077
50346927,-4761102
50346611,-3930470
50345462,-3827455
50343360,-4889174
50343303,-3879233
50341957,-3856200
50340446,-3839728
50340133,-3902226
50337482,-4772697
50337474,-3875476
50335449,-3853067
50333030,-4808752
50332801,-3918456
50331874,-3861836
50329154,-4671304
50329151,-4632900
50318328,-4840338
50318325,-4797824
50313198,-4775722
50305648,-4762937
50267303,-4827082
50266849,-4783705
50256690,-4768885
50237598,-4789643
