50379745,-4751632
50386573,-4760450
50429718,-4700521
50429737,-4758751
50456508,-4636854
50457233,-4766466
50457649,-4806098
50458942,-4880856
50460067,-4894001
50471206,-4641591
50471660,-4769029
50472194,-4870190
50481525,-4612971
50481884,-4658270
50484088,-4803408
50488903,-4805582
50498249,-4798817
50522781,-4693149
50522850,-4781549
50530799,-4788805
50563545,-4709156
50565349,-4801140
50571189,-4809256
50597373,-4717289
50599380,-4741388
50602714,-4755235
50607128,-4746503
50607696,-4741166
50597373,-4717289
50577671,-4671969
50571239,-4657354
50559230,-4638378
50537258,-4784980
50535732,-4681946
50535133,-4662563
50529731,-4619205
50512397,-4600358
50503551,-4594597
50482994,-4595321
50474811,-4608654
50472167,-4614751
50460136,-4842516
50459053,-4660612
50457782,-4637472
50456508,-4636854
