50118488,-5143741
50380523,-4166693
50380592,-4751381
50384021,-4120532
50384071,-4747953
50386573,-4760450
50429718,-4700521
50429737,-4758751
50456508,-4636854
50456794,-4707474
50457233,-4766466
50457649,-4806098
50458942,-4880856
50460067,-4894001
50472332,-4710448
50472373,-4720528
50472881,-4782701
50481109,-4873451
50493495,-4653494
50494945,-4768022
50498249,-4798817
50522781,-4693149
50522850,-4781549
50530799,-4788805
50563545,-4709156
50565349,-4801140
50571189,-4809256
50596916,-4712897
50597267,-4730257
50599380,-4741388
50602714,-4755235
50621452,-4762623
50641304,-4649340
50642436,-4740259
50644863,-4757560
50657863,-4579593
50658023,-4748508
50659851,-4764226
50668224,-4755518
50689224,-4586596
50689479,-4692848
50690258,-4695370
50691329,-4696366
50710605,-4645455
50712276,-4605204
50711242,-4587822
50688758,-4692905
50688560,-4657284
50687397,-4596434
50677482,-4579196
50661769,-4746692
50661621,-4604351
50657863,-4579593
50645942,-4593822
50623123,-4733150
50622840,-4678673
50622375,-4668367
50618453,-4647913
50611660,-4642541
50574245,-4709602
50574062,-4685890
50571239,-4657354
50559230,-4638378
50537258,-4784980
50535732,-4681946
50535133,-4662563
50529731,-4619205
50512397,-4600358
50503551,-4594597
50482994,-4595321
50474811,-4608654
50472167,-4614751
50458969,-4803626
50458854,-4699196
50400005,-4132978
50394603,-4102190
50394104,-4099916
50390937,-4088901
50389122,-4086852
50365585,-4105463
50365570,-4105492
