50777156,-943151
50792797,-1184364
50794055,-1194472
50819915,-1250784
50821403,-1251229
50826797,-786698
50826808,-1179214
50826831,-1218230
50826938,-1248130
50830051,-1263657
50832065,-1261964
50833305,-1257755
50838573,-790611
50838665,-1128234
50838829,-1178719
50839271,-1225237
50840316,-1254264
50846981,-907540
50846988,-1129528
50846996,-1238448
50847137,-1246497
50848236,-1268115
50849086,-1268996
50852237,-1272243
50852993,-1272345
50863105,-945642
50863132,-1240472
50863246,-1256868
50863990,-1259684
50866355,-1260982
50872966,-911793
50872989,-1243495
50875171,-1261412
50878864,-1265361
50881362,-1266331
50882514,-1266257
50884979,-1265492
50889743,-1262162
50890110,-1261373
50904357,-780630
50904418,-1132468
50904750,-1192806
50918277,-901789
50919460,-1153927
50919677,-1168363
50921314,-1178307
50926643,-1171483
50928970,-1168439
50933246,-894933
50937328,-905126
50943275,-919163
50948654,-847661
50948299,-818084
50912391,-1134425
50912277,-754777
50912239,-747608
50911693,-712332
50906902,-1191432
50906658,-785506
50906433,-775243
50906173,-775243
50904357,-780630
50898719,-1184222
50897544,-859246
50896781,-715616
50890735,-1215937
50890678,-882632
50890159,-792020
50885814,-664595
50879459,-1204998
50878978,-721592
50877841,-666365
50876472,-664777
50862911,-1230316
50862911,-938045
50862644,-717009
50860698,-682775
50857162,-669236
50853820,-675837
50844409,-949530
50844402,-814337
50844387,-786711
50844329,-758390
50843402,-756380
50842517,-755442
50838455,-753944
50833312,-754649
50831409,-755638
50829647,-756820
50826446,-764444
50821636,-1219637
50821544,-787601
50821025,-787132
50815223,-1226359
50815021,-911366
50814964,-845630
50807727,-1151873
50807712,-1075347
50807197,-849611
50799491,-1192184
50799488,-1104755
50799484,-1072827
50799400,-975743
50799381,-974577
50799194,-973687
50786159,-1146191
50786148,-965107
50786128,-958638
50785221,-941806
50783550,-939971
50781646,-939489
