50722824,-786226
50723655,-790341
50725307,-796873
50761112,-850883
50761157,-859162
50762218,-863390
50768627,-884931
50771453,-894310
50774436,-901643
50781139,-903840
50830707,-669363
50830776,-781327
50849170,-654271
50849216,-718599
50850173,-723147
50850696,-723286
50853946,-719591
50854415,-714776
50853816,-663904
50848709,-645767
50845718,-644519
50839172,-651838
50828960,-668447
50828655,-669236
50806930,-866422
50806922,-761283
50803577,-714354
50795696,-714033
50782695,-894399
50782638,-822567
50780723,-771040
50777702,-759261
50742359,-765113
50736160,-770931
