50722824,-786226
50723655,-790341
50725307,-796873
50761112,-850883
50761157,-859162
50808555,-1073897
50808597,-1086031
50809360,-1090188
50814922,-1099833
50815841,-1099573
50827453,-1093528
50832309,-640647
50832363,-1069989
50832366,-1074860
50832702,-1075109
50833225,-1075369
50833621,-1075204
50834411,-1073868
50835289,-1071252
50840370,-645469
50840404,-668803
50840534,-742172
50841373,-744024
50853946,-719591
50854415,-714776
50853816,-663904
50848709,-645767
50824806,-619822
50819824,-1081865
50819812,-794858
50819644,-649958
50812999,-1069650
50812969,-785255
50812961,-759747
50812820,-670936
50800128,-618067
50794563,-597898
50793651,-596166
50793231,-595724
50791725,-601203
50775989,-738769
50775829,-716633
50775444,-715055
50749317,-813523
50747905,-781878
50746952,-769925
50742359,-765113
50736160,-770931
