50575736,-1297878
50614070,-1346523
50619388,-1366762
50635589,-1179932
50635814,-1398442
50636760,-1412264
50638141,-1420883
50648708,-1169251
50648746,-1282307
50649379,-1425950
50649902,-1453936
50662254,-1576389
50667179,-1130960
50667247,-1559420
50669792,-1566699
50676727,-1092797
50676727,-1543808
50677001,-1545134
50677886,-1545805
50678939,-1546035
50680603,-1545651
50683124,-1544282
50685874,-1542061
50687740,-1538519
50693485,-1091384
50693489,-1302238
50693515,-1367789
50695682,-1426715
50696628,-1433274
50701103,-1438233
50714179,-1249510
50714210,-1295047
50714912,-1363507
50719097,-1369046
50722637,-1370288
50734012,-1368236
50766017,-1317396
50821754,-1046346
50821941,-1063055
50822708,-1065567
50831520,-1069140
50834873,-1070124
50835266,-1068341
50833976,-1059960
50831516,-1048167
50831001,-1046956
50829986,-1045969
50823040,-1042121
50814853,-1042826
50808559,-1045354
50806385,-1046634
50799625,-1054775
50757335,-1323052
50757328,-1289977
50757316,-1283484
50756752,-1276489
50756576,-1274606
50733203,-1212123
50733058,-1159865
50731685,-1153687
50721492,-1110350
50720947,-1109623
50700267,-1272006
50700206,-1107992
50699813,-1106016
50694129,-1088340
50688796,-1072689
50687767,-1071930
50685768,-1071545
50682163,-1074150
50677364,-1536214
50677234,-1199403
50677169,-1144476
50676727,-1092797
50668598,-1098940
50668235,-1099626
50666507,-1105234
50657600,-1453974
50657516,-1160098
50657501,-1148172
50657032,-1147444
50643882,-1398707
50643863,-1172546
50643661,-1169212
50642894,-1168872
50633369,-1170949
50599891,-1318233
50599845,-1220682
50599697,-1185911
50597812,-1186297
50594135,-1198879
50582996,-1246427
