53650577,-2776619
53655345,-2812114
53680633,-2718808
53680644,-2758096
53682113,-2792189
53686592,-2814774
53702064,-2661158
53702068,-2716523
53702083,-2730565
53702716,-2744329
53764995,-2774467
53766979,-2774762
53790485,-2669819
53790489,-2699267
53790504,-2717711
53790721,-2741394
53793170,-2735973
53797527,-2724602
53811439,-2642983
53806716,-2618433
53798210,-2615606
53775997,-2747662
53775943,-2653518
53775207,-2648075
53774860,-2646279
53772335,-2647439
53713760,-2689554
53707221,-2664784
53699684,-2657623
53694831,-2659000
53683502,-2677704
53651145,-2755358
