53754249,-2708372
53821178,-2607436
53821285,-2719877
53821311,-2736345
53822959,-2748785
53834350,-2558667
53834362,-2602811
53834976,-2737192
53838130,-2796469
53845153,-2881871
53856048,-2916749
53862545,-2930849
53865768,-2937064
53878421,-2762356
53878570,-2775668
53880638,-2927676
53885074,-2933738
53903717,-2783090
53903896,-2824569
53908760,-2898144
53911788,-2923115
53916797,-2935588
53926410,-2944057
53933219,-2942505
53938468,-2937916
53941955,-2927864
53962226,-2778791
53960773,-2727157
53926269,-2919459
53926242,-2910962
53907104,-2661973
53906208,-2541787
53897338,-2787597
53896400,-2567621
53891845,-2551157
53885074,-2933738
53885066,-2579852
53884769,-2574797
53871452,-2747415
53871376,-2571069
53863277,-2548485
53853080,-2763080
53852298,-2523304
53845153,-2881871
53844829,-2603355
53844352,-2581948
53842212,-2529197
53840843,-2517888
53830863,-2508071
53816478,-2658341
53815338,-2537941
53815029,-2515884
53808517,-2533647
53800289,-2595746
