53649581,-2877768
53766258,-2814405
53766414,-2876138
53772129,-2913989
53773845,-2919750
53785537,-2958301
53790016,-2968663
53804222,-2795993
53804302,-2936391
53817287,-2946174
53823154,-2943222
53842624,-2819443
53843009,-2885154
53847080,-2836265
53836635,-2773479
53829978,-2750277
53813751,-2891615
53813480,-2788787
53813476,-2788317
53810607,-2733119
53809921,-2730587
53797225,-2733250
53794921,-2735062
53779930,-2885009
53779670,-2770914
53779041,-2757897
53748409,-2846541
53741214,-2779215
53737903,-2754942
53733135,-2730770
53723003,-2706967
53706054,-2846524
53705799,-2771897
53698760,-2777158
53662696,-2820654
53659748,-2832249
