51338794,-1442479
51344711,-1473319
51351409,-1475367
51360164,-1211443
51360523,-1248271
51371746,-1344145
51371883,-1459331
51372123,-1486925
51377994,-1538254
51379623,-1544975
51382358,-1550998
51387863,-1558259
51390609,-775598
51390666,-1341360
51390686,-1469514
51390727,-1470850
51393772,-744956
51393802,-1326496
51393978,-1444324
51394744,-1536389
51403060,-740619
51403068,-1253086
51403106,-1324275
51404693,-1550291
51412143,-1558802
51417057,-752012
51417144,-1513758
51417190,-1516174
51421348,-737844
51421474,-1263112
51421661,-1510244
51423168,-1571251
51431354,-1267499
51431568,-1538951
51431743,-1539913
51433563,-1548224
51434211,-1550102
51441371,-993188
51441490,-1275898
51442218,-1505925
51442661,-1513932
51446041,-839734
51446052,-976365
51446163,-1331641
51447578,-1552216
51450298,-1552563
51454273,-989767
51454296,-1269449
51454532,-1453088
51456890,-1555982
51461696,-988337
51461780,-1516782
51463272,-1546060
51468551,-855749
51468666,-1507798
51470340,-1541742
51475704,-866168
51475753,-1449436
51476299,-1529674
51477329,-1552443
51480777,-867323
51480789,-1232939
51480991,-1542514
51481273,-1557487
51487209,-868720
51492683,-1245444
51492862,-1554783
51493736,-1577173
51501453,-1553590
51505027,-820644
51505058,-1523586
51505149,-1528743
51505416,-1534432
51506088,-1538141
51519805,-1573271
51523860,-843884
51524101,-1520866
51525276,-1549984
51527149,-1569873
51537143,-1561704
51544059,-1533562
51539176,-1492259
51534603,-1484914
51528549,-859868
51527278,-843206
51520118,-821249
51515220,-1515107
51514022,-839291
51513633,-818261
51512458,-814746
51509349,-1534954
51509330,-870636
51508975,-814577
51507312,-811882
51488986,-1433333
51488922,-864356
51488765,-843015
51486759,-805978
51486633,-804325
51483650,-1546448
51483547,-863583
51483222,-805581
51482833,-799240
51480243,-800273
51476299,-1529674
51476245,-881331
51476188,-862453
51475662,-804209
51469440,-1439449
51469337,-793835
51468544,-775702
51446029,-1268487
51446025,-954724
51445827,-865699
51442859,-836872
51436355,-1271360
51436031,-857137
51432800,-1540621
51432796,-1324283
51426414,-1263350
51426120,-740301
51425781,-739520
51422760,-1539644
51422756,-1263782
51422592,-741405
51419559,-1508728
51419551,-742251
51419525,-735406
51419498,-729712
51418724,-722140
51414760,-1518040
51414649,-718989
51413982,-717857
51412834,-717271
51406764,-1266008
51406764,-728167
51406475,-723056
51405220,-722487
51404876,-722425
51403751,-722830
51400714,-724180
51396549,-1314842
51396537,-729514
51394538,-728506
51389034,-1298944
51388984,-749398
51388813,-744430
51387275,-741611
51386863,-746999
51384078,-1537660
51384033,-1332589
51384014,-1322329
51383392,-1199859
51375297,-1476215
51375171,-1345935
51375022,-1283872
51374843,-1221032
51357227,-1203940
51355236,-1202121
51350868,-1203691
