51304195,-1390265
51305114,-1415329
51322750,-1253788
51322769,-1316444
51325584,-1379133
51336513,-1418820
51478099,-1308279
51478595,-1362428
51479152,-1401775
51481998,-1408118
51505809,-1240789
51505973,-1383803
51509750,-1386948
51511352,-1388198
51512271,-1388173
51523555,-1386073
51545158,-1311430
51519462,-1247120
51514057,-1237352
51510131,-1237850
51500106,-1243373
51480312,-1355536
51479907,-1305285
51453193,-1410821
51452674,-1367424
51452259,-1339553
51451339,-1311432
51415515,-1378347
51415309,-1352077
51413303,-1346600
51400009,-1322062
51370315,-1399358
51369827,-1315329
51369533,-1297504
51369010,-1282414
51344501,-1372517
51344249,-1336727
51343509,-1280816
51340755,-1242384
51332328,-1226533
51323738,-1231714
51316669,-1252423
