51164016,-1128324
51166847,-1138011
51170471,-1142821
51190967,-1159355
51197731,-1342082
51199596,-1327241
51209377,-1093239
51209514,-1298122
51210384,-1373797
51215572,-929194
51215797,-1120546
51215942,-1196942
51217311,-1374519
51222999,-967213
51223037,-1023333
51223205,-1263121
51223293,-1337120
51227729,-1388842
51235641,-1386531
51239055,-1384080
51253841,-941934
51253852,-1179960
51255348,-1260023
51257774,-1328657
51261466,-1340828
51267723,-932714
51267765,-1090700
51267807,-1131007
51279129,-886067
51279136,-1113187
51280719,-1340452
51281280,-1367357
51290138,-1082042
51290145,-1258519
51291007,-1372027
51295696,-909289
51295715,-1045386
51295726,-1054694
51296215,-1299182
51304241,-982391
51304435,-1389947
51305114,-1415329
51322643,-1042832
51322658,-1249528
51322769,-1316444
51325584,-1379133
51333320,-1058845
51333332,-1283014
51333339,-1343703
51334369,-1377866
51336513,-1418820
51341384,-894896
51341518,-1374482
51342250,-1397457
51345149,-1409077
51351371,-860397
51351375,-1137009
51351425,-1365501
51351604,-1382385
51351852,-1388485
51356159,-1429400
51358608,-1441534
51368793,-1452472
51381645,-902017
51381706,-1425606
51392642,-1432367
51397281,-904735
51397472,-1342843
51397521,-1425911
51404987,-944805
51405281,-1375136
51407150,-1397108
51410945,-1432716
51418983,-966486
51419227,-1386623
51422000,-1428840
51424995,-1435721
51428306,-1432372
51437664,-969761
51437694,-1349244
51437801,-1430413
51437805,-1431161
51443172,-967609
51443206,-1431309
51443801,-1433575
51444255,-1433843
51465709,-1315909
51465877,-1373071
51481998,-1408118
51505809,-1240789
51505973,-1383803
51509750,-1386948
51511352,-1388198
51512271,-1388173
51523555,-1386073
51545158,-1311430
51519462,-1247120
51514057,-1237352
51510131,-1237850
51500106,-1243373
51480312,-1355536
51479907,-1305285
51453193,-1410821
51452674,-1367424
51447776,-972988
51447757,-972628
51445003,-961049
51443325,-956353
51436561,-945056
51436286,-944702
51435817,-944353
51430599,-1387982
51430553,-976409
51430492,-965349
51430347,-957095
51429756,-946550
51429145,-942264
51415058,-903762
51410102,-1380189
51409973,-948500
51409133,-897290
51384151,-891884
51383052,-892858
51380741,-896478
51367603,-1399796
51367542,-1312114
51358726,-1118315
51358558,-974682
51358268,-906611
51357269,-888812
51351280,-1406988
51351257,-1143976
51350681,-900430
51350448,-860243
51350444,-859741
51346450,-852158
51339382,-1259088
51339271,-960656
51337680,-875131
51335811,-864942
51325580,-1191470
51325424,-1056409
51325340,-1008145
51325225,-954572
51324966,-907318
51320415,-876645
51318984,-874125
51314277,-1388899
51314270,-1145984
51305465,-907006
51305454,-899747
51305351,-896608
51304325,-872877
51301143,-853590
51296516,-860260
51281791,-1079914
51281787,-961107
51281711,-949438
51281242,-885242
51280555,-881129
51271358,-1192608
51271354,-1081068
51271278,-964139
51269786,-874623
51269092,-872864
51262851,-879969
51250621,-1087199
51250499,-937210
51249420,-915799
51246067,-888944
51236492,-1142884
51236450,-910791
51231979,-898865
51226100,-1335576
51226093,-1110812
51225982,-914807
51217315,-1297273
51217269,-944820
51217121,-928529
51215774,-909102
51209514,-1298122
51209495,-1159705
51209377,-1093239
51208213,-940045
51199596,-1327241
51199180,-1093411
51198646,-969376
51191883,-971144
