51356533,-881046
51357543,-888389
51358123,-892483
51362487,-902245
51392822,-795532
51392868,-848511
51393402,-878709
51393924,-891001
51394817,-892301
51396759,-895101
51429988,-796498
51430091,-869411
51430156,-886441
51462329,-950162
51462875,-961737
51464942,-972876
51465702,-976458
51476570,-1024769
51484798,-1035625
51486301,-1035766
51499858,-1035323
51514709,-1034057
51531349,-1024623
51542049,-1017213
51541587,-1013748
51474460,-960179
51474433,-908877
51454578,-719096
51451114,-713220
51433532,-699270
51430553,-700736
51424697,-707086
51424339,-707773
51419876,-719705
51404247,-873154
51404216,-823354
51401672,-786200
51386566,-773349
51367156,-770521
51364189,-771247
51357673,-798623
