51333683,-1033630
51339584,-1091506
51362190,-1162832
51362678,-1187126
51363227,-1190046
51390960,-1071575
51391010,-1120972
51392456,-1199764
51395591,-1208650
51399833,-1217748
51409885,-979200
51409980,-1192916
51412151,-1221664
51412414,-1224967
51415157,-1230327
51416614,-1233078
51426498,-1235890
51450176,-1132990
51450561,-1161016
51451728,-1181473
51457031,-1183638
51461322,-1121451
51423320,-1181161
51423282,-1163730
51423076,-1127217
51422725,-1078670
51415050,-986864
51412437,-976986
51408058,-963164
51380222,-1057739
51380153,-924239
51379390,-912446
51373447,-909699
51369857,-914539
51357391,-1094055
51357162,-1002661
51356269,-942894
51349754,-956585
