51449352,-1071269
51465980,-1163627
51468399,-1173746
51484859,-1195210
51501518,-1061393
51501777,-1171486
51502376,-1199123
51506889,-1217617
51524169,-1214870
51530479,-1210682
51546512,-1043566
51546588,-1136999
51548961,-1139305
51550334,-1132054
51555885,-1046528
51553668,-1034589
51551994,-1032316
51539882,-1030251
51533809,-1030107
51528488,-1030912
51504730,-1123670
51504692,-1079813
51504398,-1051824
51504039,-1051111
51486293,-1187969
51486228,-1090972
51485969,-1059177
51482913,-1040547
51480865,-1038385
51475711,-1039330
