51494693,-930476
51494865,-931207
51498855,-944180
51536121,-911050
51536174,-1017743
51536586,-1019739
51547977,-1028147
51564804,-884938
51564819,-934069
51565750,-1032111
51574802,-1053722
51583862,-1045726
51597988,-854767
51598056,-938648
51599441,-968921
51600200,-978481
51605068,-1014525
51614727,-1033092
51636508,-937144
51615756,-862061
51610092,-846461
51603248,-841985
51584861,-962153
51583816,-877003
51576992,-849233
51573074,-848437
51564373,-851614
51550605,-1021327
51550556,-996925
51550392,-920921
51550014,-870077
51547374,-856859
51543975,-851782
51537395,-842373
51535305,-842556
51508678,-954213
51508632,-888132
51508300,-883486
51505451,-881524
51502685,-880151
51501560,-882728
51498188,-894019
51497714,-896537
51494857,-922317
