50941463,-314400
50948703,-352761
50952251,-365364
51023181,-392812
51025177,-409671
51045078,-284521
51045112,-366491
51045150,-387903
51046596,-423490
51065872,-311084
51066196,-406611
51067596,-416824
51071514,-426683
51083942,-418737
51090797,-408222
51081054,-244043
51079139,-238076
51069278,-236638
51051036,-363016
51049667,-313699
51047954,-261702
51045974,-244314
51044387,-233146
51040702,-230834
51033885,-232262
51014339,-351705
51014244,-331750
51013332,-272049
51012828,-255816
51003684,-243958
50997634,-242348
50994453,-241941
50982967,-245324
50973857,-248402
50956062,-273178
50951957,-281488
