50936752,-122681
50948257,-146706
50948703,-352761
50952251,-365364
50961437,-121076
50961498,-305942
50962295,-359927
50964157,-371739
50991924,-128209
50992156,-515719
50995662,-541857
51000579,-91888
51000621,-336843
51001327,-529475
51002468,-537595
51012023,-282205
51012207,-549934
51017314,-87251
51017341,-452911
51017845,-478358
51021095,-554291
51030712,-194119
51030742,-391869
51031147,-551924
51033115,-571709
51042388,-266789
51042457,-361078
51042579,-471642
51042839,-552801
51045063,-564771
51054313,-308436
51054336,-344493
51054798,-433499
51055015,-465454
51055679,-505013
51057479,-556739
51060413,-582520
51068756,-311007
51068824,-567933
51069175,-570206
51074684,-584453
51083778,-323010
51084064,-579442
51084083,-581768
51084892,-578017
51094696,-204452
51094707,-457114
51096099,-483831
51099014,-504031
51105060,-85588
51105064,-198537
51105342,-435176
51106498,-467463
51113540,-15587
51113567,-214522
51113655,-226877
51114452,-333058
51116939,-363420
51123428,-21122
51123432,-158296
51123474,-215698
51124298,-304909
51134948,-23160
51134990,-172201
51135028,-181877
51135185,-215075
51135883,-267621
51146404,-57871
51146427,-180127
51190685,-120754
51191505,-162610
51199264,-179936
51225051,-192281
51228965,-190767
51275840,-143304
51276706,-160058
51281986,-158242
51285991,-154482
51287742,-149923
51279903,-133590
51262763,-99469
51259624,-93221
51243347,-83391
51235324,-78955
51227031,-77280
51222881,-79687
51194843,-162906
51194431,-108221
51192707,-96613
51151905,-97507
51151638,-24749
51149024,27600
51146850,44090
51122741,-73740
51122714,-11335
51122692,-433
51122592,23512
51122333,41049
51120441,47897
51102703,62868
51093948,-199626
51093936,54007
51093799,56903
51090011,59147
51079429,-294800
51079418,-56080
51079368,-42819
51079181,-6293
51063789,-165131
51063091,32991
51038005,-408077
51037807,-181776
51037639,-28959
51037456,17604
51033046,-552008
51032848,-90120
51032360,-2498
51032188,1844
51031951,4714
51027370,2649
51026134,426
51021713,-500688
51021697,-94272
51021514,-1353
51015209,-347642
51015190,-81165
51014087,-54152
51013023,-31928
51012100,-23057
50992618,-19182
50990020,-36975
50984664,-525603
50984600,-369029
50984424,-169130
50983413,-46914
50970165,-307080
50969989,-114976
50965312,-71415
50964511,-68500
50959907,-70215
50951843,-81797
