50887042,-409460
50889175,-419028
50906581,-448534
50908081,-560739
50908123,-562131
50908744,-566479
50916847,-615722
50925403,-613220
50931762,-609288
50971912,-507818
51194545,-246630
51195041,-266809
51197422,-287241
51205619,-281798
51208366,-277386
51232620,-184034
51232650,-188860
51232963,-232236
51233081,-240167
51242229,-235276
51271034,-194233
51271133,-183233
51264362,-170499
51201499,-225181
51200721,-192704
51190181,-202518
51185211,-259848
50977462,-459436
50975658,-430793
50931312,-389508
50931255,-372589
