51110630,-400512
51111587,-405479
51130355,-412293
51154232,-319657
51154346,-394282
51158447,-413946
51174411,-426187
51193935,-312774
51193958,-327372
51194107,-412450
51197189,-427458
51201072,-434068
51216869,-437283
51220691,-435106
51235610,-317840
51239246,-409407
51240463,-409393
51248142,-399657
51259307,-374762
51274192,-324904
51273891,-319782
51273277,-314832
51268180,-300452
51264667,-291853
51259815,-290384
51219009,-403001
51218734,-318140
51218517,-315384
51189048,-406012
51188961,-272000
51188076,-269343
51175880,-260157
51159927,-255895
51138957,-380407
51138416,-328393
51133499,-299941
51132865,-300351
51124511,-325880
