51451622,365505
51452861,349058
51478260,311824
51478275,241097
51489364,191525
51500911,397062
51500923,327265
51501239,182103
51508480,172800
51532894,148571
51553508,258556
51553512,205831
51553573,153166
51553806,148112
51554721,147551
51556175,147216
51557659,147560
51558769,147978
51559371,148448
51561004,149804
51582382,261431
51582530,174180
51582607,173477
51588466,169801
51606376,178208
51606853,179703
51577014,241971
51576461,278875
51555263,160098
51555263,204963
51555126,258520
51553722,365346
51553157,393577
51548988,400269
51544727,395254
51535186,152165
51535026,298362
51534637,378892
51515724,199723
51515533,304688
51515052,382685
51508590,397076
51500911,397062
51487552,232031
51487545,373169
51487533,385355
51486335,421751
51484191,423337
51482887,424276
51481685,424918
51466842,429415
51452365,370379
