53286392,-1393888
53293014,-1404026
53308521,-1420679
53339397,-1339055
53339473,-1361072
53339672,-1383522
53339923,-1386912
53354938,-1214474
53354965,-1439311
53355087,-1448144
53356708,-1462306
53359745,-1474093
53369670,-1219885
53369701,-1467012
53369815,-1476704
53370437,-1477418
53371086,-1477576
53372241,-1477231
53372619,-1476971
53384109,-1463163
53384361,-1462499
53385150,-1456656
53385662,-1450335
53388393,-1211423
53397373,-1235139
53397586,-1212080
53371807,-1475583
53371807,-1441901
53371738,-1200653
53371330,-1197430
53367248,-1186881
53351940,-1344765
53351894,-1225693
53351696,-1213181
53351642,-1210884
53350997,-1209995
53350280,-1209843
53342399,-1221314
53319271,-1321502
53319255,-1312375
53319164,-1261277
53318958,-1255471
53309562,-1233963
53295604,-1394734
53295383,-1330478
53295299,-1326743
53294616,-1307775
53287876,-1318685
