53258178,-1626724
53274013,-1694741
53280628,-1712152
53338459,-1643835
53338638,-1692373
53441905,-1494277
53442024,-1552402
53446823,-1577661
53456630,-1612352
53469734,-1640192
53492038,-1539652
53492412,-1643196
53493190,-1674195
53537601,-1719662
53538227,-1728757
53552936,-1670007
53555644,-1628113
53545036,-1594024
53506706,-1546293
53500938,-1525249
53460823,-1480767
53460803,-1470391
53460556,-1465122
53460090,-1460821
53458858,-1457357
53421115,-1520329
53402046,-1463841
53393920,-1459913
53393280,-1459740
53391185,-1459316
53385154,-1461964
53381549,-1464295
53375148,-1476219
53373840,-1480698
53373523,-1481784
53338638,-1692373
53338459,-1643835
53302768,-1625030
53300121,-1624123
53270481,-1616631
53267314,-1618983
