53132141,-1477443
53139717,-1493047
53161922,-1391829
53162132,-1498766
53162933,-1505069
53184520,-1402314
53184669,-1476266
53187412,-1519304
53196735,-1542939
53208152,-1290962
53208206,-1449403
53208602,-1479807
53209236,-1484112
53244506,-1389145
53244560,-1459891
53244655,-1477348
53248519,-1546974
53249225,-1558297
53254890,-1529610
53266372,-1324484
53266448,-1443588
53267063,-1454630
53274227,-1465831
53276298,-1462980
53284839,-1406750
53298355,-1269604
53301612,-1282168
53387580,-1453361
53387660,-1457540
53390052,-1459630
53405044,-1471579
53405616,-1470610
53413032,-1442851
53412929,-1441739
53409954,-1426388
53290081,-1278100
53289070,-1252944
53281280,-1245748
53277622,-1243427
53276168,-1243738
53270172,-1247652
53250404,-1371856
53250354,-1302959
53250343,-1297714
53246692,-1282292
53236183,-1253012
53223220,-1434502
53223144,-1275827
53214496,-1257972
53213317,-1256525
53212852,-1256802
53199584,-1429529
53199523,-1334352
53197250,-1282220
53189056,-1280187
53179981,-1284679
53168369,-1479621
53168361,-1419875
53168350,-1395882
53167972,-1366253
53166645,-1310014
53152107,-1496176
53151790,-1376002
53150127,-1360625
