53485885,-1369032
53489395,-1374798
53500648,-1387040
53502632,-1388277
53505058,-1386372
53505729,-1385503
53505996,-1384942
53532932,-1303776
53532939,-1311847
53533035,-1326993
53544063,-1336431
53552051,-1324728
53552555,-1317008
53552703,-1314364
53552711,-1302047
53552261,-1300062
53550292,-1296940
53544902,-1294645
53532665,-1292313
53501907,-1367874
53501892,-1342985
53501625,-1331123
53501243,-1320909
53500286,-1315194
53499439,-1313505
53498706,-1312613
53495124,-1319193
53487239,-1338252
53486835,-1340323
