53371170,-1200379
53380340,-1265045
53389465,-1484961
53389514,-1529586
53389701,-1548650
53391475,-1624417
53402481,-1372612
53402530,-1506024
53402580,-1513318
53404830,-1580693
53418094,-1196911
53418109,-1512058
53418628,-1630181
53422683,-1660407
53427997,-1213986
53428020,-1390597
53428047,-1589946
53429168,-1598500
53437751,-1268330
53437789,-1395064
53448860,-1427897
53457824,-1449464
53477066,-1322499
53477073,-1410266
53477245,-1433106
53477523,-1446617
53477710,-1450231
53478305,-1450208
53482322,-1445832
53494728,-1270365
53494747,-1351777
53494827,-1354700
53499500,-1384131
53500648,-1387040
53502632,-1388277
53505058,-1386372
53505729,-1385503
53505996,-1384942
53532932,-1303776
53532939,-1311847
53533035,-1326993
53544063,-1336431
53552051,-1324728
53552555,-1317008
53552703,-1314364
53552711,-1302047
53552261,-1300062
53550292,-1296940
53503494,-1350106
53503360,-1275554
53503002,-1272936
53501960,-1267045
53497558,-1255589
53493446,-1258087
53479660,-1421019
53479595,-1307225
53462596,-1218193
53457790,-1202122
53448513,-1179940
53436134,-1353753
53436058,-1170064
53435791,-1163792
53428501,-1503812
53428493,-1203623
53428318,-1192052
53423889,-1166373
53416343,-1516291
53416339,-1345507
53416328,-1283744
53416000,-1160403
53409454,-1504304
53409446,-1321468
53409137,-1148504
53406162,-1145570
53393810,-1360905
53393753,-1251972
53393486,-1248187
53393047,-1245713
53392429,-1244476
53385471,-1236450
53383640,-1246376
53380340,-1265045
53378719,-1562851
