53334690,-1513250
53345928,-1511410
53364639,-1491675
53485336,-1465911
53487991,-1496231
53513797,-1378134
53513801,-1446718
53513858,-1476772
53513938,-1481009
53516174,-1532189
53522632,-1560014
53524276,-1566454
53551635,-1482799
53551639,-1511927
53551696,-1523277
53552417,-1608444
53555564,-1613515
53562030,-1617610
53572105,-1376417
53572124,-1411798
53572181,-1446425
53572250,-1469604
53572521,-1527422
53573913,-1568453
53578037,-1593059
53585460,-1597867
53598648,-1585109
53606712,-1555998
53608177,-1541685
53615165,-1447087
53614547,-1401687
53595977,-1357496
53590251,-1345196
53586944,-1342588
53569580,-1469214
53569507,-1409675
53569049,-1383091
53557430,-1339966
53549591,-1337839
53540107,-1570094
53540050,-1380736
53539997,-1352655
53538784,-1340318
53538021,-1339241
53531555,-1337093
53367111,-1481592
53366558,-1475798
53365543,-1474623
53350818,-1484508
53334709,-1511343
