53246482,-1267027
53246982,-1268006
53256950,-1267776
53257312,-1266600
53269603,-1062151
53269832,-1224087
53271240,-1230614
53288318,-1104194
53291301,-1235790
53304016,-1230761
53316013,-1205327
53318119,-1468631
53319019,-1493403
53319248,-1496688
53324787,-1106599
53324817,-1464643
53325035,-1494142
53329086,-1508419
53336341,-1170469
53336437,-1461705
53336490,-1503708
53336517,-1507628
53353591,-1111976
53353649,-1464102
53353858,-1485103
53355144,-1484486
53357505,-1482264
53374679,-1060506
53374736,-1124539
53376350,-1158823
53384944,-1173373
53386413,-1174818
53398685,-1151301
53394313,-1065289
53393486,-1060709
53376533,-1041104
53365913,-1033138
53358268,-1465231
53358203,-1115562
53357967,-1110668
53353065,-1064106
53333843,-1456512
53333576,-1130863
53333480,-1093638
53331390,-1093066
53325901,-1496399
53325885,-1136184
53325859,-1106596
53317623,-1040593
53314346,-1038746
53284217,-1022877
53271739,-1224667
53271347,-1043939
53265167,-1027869
53261562,-1023468
53252452,-1063081
53247829,-1093667
