51664035,-4084739
51664310,-4104654
51665042,-4125339
51673580,-4143442
51687828,-4148223
51732757,-4080506
51738132,-4146757
51752090,-4142609
51785560,-4077977
51785671,-4124684
51787334,-4144003
51792270,-4147964
51798137,-4150487
51809341,-4140870
51838603,-4060924
51840343,-4093709
51842224,-4096148
51838291,-4048512
51826435,-4038382
51818859,-4040550
51796722,-4143100
51796722,-4084552
51796363,-4047540
51794830,-4044918
51791805,-4047130
51753776,-4110131
51752101,-4099766
51749351,-4094018
51732757,-4080506
51706821,-4064914
51665042,-4125339
51664680,-4086928
51664375,-4085815
