51842678,-3967987
51847358,-3995263
51852390,-4015683
51892097,-3958397
51892459,-4030179
51893756,-4038449
51896862,-4057976
51909919,-3803128
51910076,-3913265
51911407,-4043625
51913921,-4070639
51915645,-4081946
51941089,-3955453
51942497,-4000586
51943801,-4021133
51948135,-4033610
51962905,-3855894
51962932,-3958064
51963695,-3990732
51970069,-4033016
51983852,-3858420
51985492,-3989107
51988315,-4019788
51993003,-4037959
52018234,-4092870
52026859,-4128885
52042701,-3955876
52042709,-4085236
52056388,-4076931
52077255,-3971586
52080978,-4011550
52086677,-4019381
52091438,-4020123
52097629,-4010474
52122097,-3936797
52129219,-3937837
52097629,-4010474
52095008,-3910732
52092765,-3888214
52042713,-3931569
52040504,-3901086
52026859,-4128885
52026569,-3978510
52026275,-3952871
52022655,-3859270
52007457,-4012490
52007419,-3876604
52004005,-3866845
51975376,-3943551
51973339,-3890685
51972400,-3877397
51958942,-3820595
51944381,-3991855
51915645,-4081946
51915466,-3859870
51915126,-3790599
51891014,-3987400
51890514,-3815284
51887302,-3807395
51874393,-3995210
51874347,-3835596
51866382,-3841764
51864444,-3846114
51844184,-3945994
