51532470,-3718257
51536777,-3735953
51540233,-3743107
51583942,-3770014
51585037,-3802762
51585891,-3804514
51586826,-3806413
51588245,-3808851
51603649,-3832511
51629608,-3978437
51632591,-3980633
51633640,-3979234
51642868,-3640842
51642940,-3943173
51644653,-3944533
51645866,-3942402
51655139,-3606244
51655158,-3801914
51655170,-3867796
51659877,-4148447
51660873,-4158212
51661918,-4158623
51668315,-3773327
51668319,-4147893
51668922,-4157727
51669391,-4163043
51685314,-4274897
51688480,-4286632
51694564,-4295938
51702114,-4296580
51703937,-4290667
51708263,-3695588
51708347,-4277138
51708465,-4288666
51710102,-4304281
51718616,-4290091
51726997,-3750009
51727340,-4188601
51727432,-4205389
51728645,-4267355
51730682,-4306806
51737834,-4354664
51746997,-3641499
51747089,-4296428
51747161,-4341879
51747322,-4372977
51751682,-3612215
51751686,-4264308
51752532,-4370078
51758644,-3987160
51758899,-4343669
51760299,-4369891
51760433,-4372099
51764728,-3716934
51764762,-4370472
51767944,-4370174
51769424,-4368658
51775859,-4361196
51780143,-3656662
51780223,-4163455
51780445,-4232866
51780883,-4295955
51782157,-4328961
51784751,-4343739
51787784,-4352234
51789474,-4337314
51793613,-3682098
51793617,-3970643
51793712,-4216047
51794048,-4249085
51799137,-4284584
51800403,-4292422
51802600,-4293259
51807186,-4286905
51812725,-3870403
51812728,-3929246
51812793,-4113662
51813377,-4223631
51813526,-4236795
51813907,-4264307
51817703,-4260130
51821186,-4248740
51823028,-4229966
51838024,-4039384
51838176,-4106790
51842224,-4096148
51858703,-3940289
51859752,-3978718
51863605,-3995502
51871692,-4028516
51874637,-4037978
51890819,-4056962
51896862,-4057976
51909919,-3803128
51910076,-3913265
51911407,-4043625
51913921,-4070639
51915645,-4081946
51941089,-3955453
51942497,-4000586
51943801,-4021133
51948135,-4033610
51962905,-3855894
51962932,-3958064
51963695,-3990732
51970069,-4033016
51983852,-3858420
51985492,-3989107
51988315,-4019788
51993003,-4037959
52018234,-4092870
52026859,-4128885
52042701,-3955876
52042709,-4085236
52056388,-4076931
52077255,-3971586
52080978,-4011550
52086677,-4019381
52091438,-4020123
52097629,-4010474
52122097,-3936797
52129219,-3937837
52097629,-4010474
52095008,-3910732
52092765,-3888214
52042713,-3931569
52040504,-3901086
52026859,-4128885
52026569,-3978510
52026275,-3952871
52022655,-3859270
52007457,-4012490
52007419,-3876604
52004005,-3866845
51975376,-3943551
51973339,-3890685
51972400,-3877397
51958942,-3820595
51944381,-3991855
51915645,-4081946
51915466,-3859870
51915126,-3790599
51891014,-3987400
51890514,-3815284
51887302,-3807395
51874393,-3995210
51874347,-3835596
51866382,-3841764
51864444,-3846114
51830741,-4052335
51830226,-4022356
51829727,-4005760
51827209,-3959398
51818241,-4231978
51818241,-4009685
51818180,-3869976
51817821,-3861444
51816467,-3855556
51811092,-3837855
51809608,-3834167
51802146,-4241656
51802120,-3992118
51802089,-3898811
51802070,-3878331
51800266,-3651033
51795612,-4133940
51795551,-3885093
51794357,-3661273
51792057,-3568937
51787097,-4046308
51787059,-3995789
51781204,-3676563
51780509,-3594587
51776313,-4178576
51776294,-4090337
51776153,-3664126
51774742,-3646245
51768821,-4042365
51768688,-3707055
51768669,-3705895
51765800,-3601502
51762435,-4249369
51762397,-4204195
51761917,-3720421
51761466,-3576483
51756317,-4220098
51756309,-3592082
51755279,-3586323
51750553,-4218135
51750259,-3756049
51750156,-3611249
51747798,-3603039
51746456,-3603092
51738880,-4103803
51738792,-3751869
51737354,-3636544
51736022,-3631311
51733966,-3634351
51731136,-3639346
51726692,-4260423
51726116,-3751061
51724349,-3677397
51716030,-4130527
51715744,-3765875
51715087,-3698304
51713672,-3692808
51710308,-3686777
51705566,-4267432
51705516,-4069414
51705345,-3773429
51704914,-3704160
51703063,-3702630
51698722,-3700658
51693786,-4153759
51693763,-4109986
51693569,-3826476
51693431,-3791629
51692775,-3734176
51684432,-4116207
51684360,-3820087
51684185,-3767004
51682018,-3629412
51681625,-3626071
51680316,-3620557
51675415,-4098169
51675407,-3810703
51675258,-3773208
51674388,-3631091
51669746,-4149494
51669715,-3823925
51669700,-3787424
51668983,-3642827
51659744,-3606752
51655960,-3597901
51655738,-3597720
51652881,-3600929
51652542,-3601322
51645412,-3907042
51645389,-3813683
51644950,-3636653
51644451,-3633702
51643859,-3633550
51642959,-3637001
51635601,-3939290
51635417,-3818936
51635070,-3744646
51634098,-3731864
51618221,-3927151
51618198,-3798992
51618167,-3758168
51617889,-3713263
51615596,-3708771
51614475,-3707342
51613937,-3706686
51613437,-3707101
51570156,-3757744
51570087,-3751536
51568996,-3735377
51562915,-3697432
51545803,-3698092
