51594139,-4086089
51596008,-4096643
51601795,-4122036
51602668,-4123276
51628219,-4000339
51628932,-4046650
51937656,-3776061
51939796,-3817245
51966808,-3726555
51969200,-3791487
51970619,-3825567
51989501,-3848517
52004783,-3852803
52111572,-3797585
52104587,-3772032
52062023,-3735025
52057743,-3714657
52034160,-3814611
51984298,-3780076
51982082,-3700742
51966808,-3726555
51939796,-3817245
51638557,-4038131
51637241,-3978943
51621379,-3961769
51614528,-3965474
51613201,-3967020
51610015,-3973353
51599979,-3996974
51596382,-4041779
