51792461,-4305013
51792861,-4317505
51819850,-4184072
51820194,-4277885
51823413,-4311904
51832771,-4315649
51835796,-4310956
51871471,-4130441
51871536,-4234894
51876483,-4277113
51882747,-4284768
51896335,-4113885
51896923,-4259366
51897415,-4292655
51923709,-4171572
51924247,-4261001
51932941,-4267214
51943386,-4269268
51949298,-4266764
51961791,-4033835
51962524,-4263641
51969741,-4278680
51971778,-4264952
51983806,-4060944
51985023,-4143357
51991508,-4162718
52014457,-4152371
52022022,-4136279
52021862,-4120194
51983589,-4139720
51983383,-4060546
51982822,-4054083
51959209,-4157656
51959152,-4083872
51957515,-4068689
51952056,-4042373
51937377,-4218380
51936931,-4065093
51928798,-4068880
51909324,-4223583
51908885,-4148961
51906360,-4065049
51901889,-4059459
51885047,-4204292
51884563,-4116631
51884338,-4096552
51880672,-4055074
51879520,-4051956
51863281,-4009358
51842021,-4146660
51841186,-4077040
51840785,-4064188
51828937,-4310844
51828899,-4174365
51827327,-4146744
51826751,-4144947
51823291,-4140850
51819850,-4137625
51812206,-4137567
51810729,-4144142
