51742721,-4558273
51748199,-4599589
51751071,-4602189
51776737,-4475320
51779991,-4582380
51823730,-4526658
51826789,-4541212
51846752,-4397546
51848148,-4542140
51855991,-4549074
51858280,-4548405
51892940,-4471631
51894489,-4486964
51920482,-4366919
51920650,-4484861
51921127,-4501476
51927360,-4516462
51940124,-4299264
51940155,-4496357
51943481,-4528497
51945846,-4543007
51963665,-4393156
51963966,-4472933
51964469,-4490808
51970741,-4478824
51986404,-4403865
51958145,-4365555
51955574,-4293332
51945846,-4543007
51945812,-4500207
51944301,-4308602
51940902,-4268103
51927288,-4453067
51926780,-4407134
51924476,-4321183
51922069,-4294210
51920013,-4273106
51900150,-4429623
51900020,-4298248
51886730,-4509308
51886669,-4300793
51885524,-4292146
51881370,-4297747
51865497,-4452680
51865200,-4403495
51864753,-4389193
51836013,-4496063
51836009,-4435820
51835449,-4346720
51824851,-4329367
51792892,-4401174
51791305,-4385916
51778392,-4379610
51770107,-4387320
51765445,-4396291
51745491,-4549713
51744270,-4476427
