51763320,-4616970
51818920,-4617039
51821971,-4658170
51840675,-4688338
51863300,-4571928
51863403,-4664157
51865386,-4681329
51874153,-4694506
51897167,-4567380
51898632,-4651705
51902687,-4672894
51924140,-4674693
51936233,-4659365
51943962,-4636829
51930999,-4578477
51927558,-4565566
51922840,-4552309
51912952,-4534472
51885131,-4642190
51885063,-4594360
51881202,-4574535
51877658,-4557666
51869773,-4533960
51846286,-4640408
51842857,-4584309
51822792,-4565977
51772804,-4646812
51772666,-4603851
51763500,-4601802
