51544631,-4221313
51564697,-4080617
51566047,-4218159
51567085,-4269349
51568904,-4290175
51569446,-4288876
51578235,-4015288
51578273,-4050954
51578777,-4224390
51580738,-4234564
51590690,-4012115
51590751,-4195728
51590866,-4228781
51743045,-4560381
51748199,-4599589
51770664,-4463116
51770694,-4618247
51773403,-4664765
51782844,-4396872
51783012,-4573084
51783645,-4647404
51797237,-4420092
51797283,-4506904
51797706,-4621017
51803352,-4659192
51816539,-4294097
51816612,-4613292
51816787,-4644428
51818450,-4657643
51821971,-4658170
51840373,-4303642
51840389,-4522060
51840675,-4688338
51845115,-4686918
51855358,-4466201
51855972,-4635964
51856224,-4678954
51863224,-4310954
51863258,-4594281
51863403,-4664157
51865386,-4681329
51869968,-4049560
51870006,-4490188
51870132,-4678864
51879634,-4673371
51891735,-4489995
51893409,-4679408
51900020,-4298248
51900150,-4429623
51900371,-4634741
51902687,-4672894
51908283,-4139554
51909187,-4646264
51910461,-4658393
51916183,-4214703
51916725,-4481664
51918506,-4668104
51924247,-4261001
51924259,-4369183
51924419,-4661938
51928939,-4162516
51929164,-4631321
51929195,-4651515
51937068,-4300611
51937156,-4489356
51937686,-4636666
51942039,-4641796
51953277,-4362985
51953296,-4494468
51953388,-4582767
51953853,-4619494
51957065,-4614528
51966869,-4150264
51967037,-4575960
51967987,-4583090
51974636,-4134110
51975048,-4309498
51975860,-4449911
51977790,-4589072
51985755,-4250118
51986511,-4484953
51989177,-4639225
51998088,-4266339
51998104,-4492880
51998695,-4638793
52009922,-4665701
52015148,-4219195
52015285,-4562715
52015937,-4619142
52017295,-4650223
52022022,-4136279
52059761,-4520492
52060733,-4560313
52086204,-4443560
52086685,-4499656
52092971,-4526126
52100364,-4496595
52101737,-4482244
52057796,-4342781
52057708,-4202794
52052204,-4192838
52042552,-4469862
52041851,-4221218
52040557,-4195810
52037605,-4194091
52030727,-4551986
52030628,-4261453
52030555,-4255880
52029323,-4186922
52021842,-4623773
52021377,-4272210
52016670,-4120488
52007450,-4112708
52001018,-4639572
52000724,-4263485
52000606,-4218709
51999084,-4099174
51992469,-4457694
51991947,-4265520
51991508,-4162718
51991085,-4136918
51983806,-4060944
51982822,-4054083
51967445,-4495094
51967327,-4075619
51966800,-4061754
51961677,-4554355
51960678,-4106329
51959152,-4083872
51957515,-4068689
51946670,-4498915
51946392,-4158205
51946102,-4148165
51941860,-4058860
51936931,-4065093
51931095,-4454570
51930873,-4094344
51930675,-4083221
51928798,-4068880
51924140,-4674693
51923709,-4171572
51923286,-4080014
51918766,-4644588
51918682,-4424472
51910957,-4347311
51910942,-4105847
51909461,-4089989
51906360,-4065049
51901889,-4059459
51890609,-4258004
51889095,-4081385
51888782,-4066882
51879520,-4051956
51877719,-4057311
51873386,-4572940
51873256,-4210558
51873161,-4190200
51870311,-4045193
51863258,-4594281
51863224,-4310954
51862972,-4149879
51861087,-4048328
51859558,-4018333
51855743,-4048405
51849742,-4506435
51849739,-4350150
51849605,-4036452
51847240,-4045275
51843444,-4663864
51843433,-4326433
51843280,-4047520
51840785,-4064188
51830413,-4383194
51829673,-4150847
51826751,-4144947
51823291,-4140850
51819850,-4137625
51811759,-4495787
51811515,-4306435
51810729,-4144142
51808147,-4185276
51801826,-4638692
51801731,-4312825
51801567,-4303751
51791702,-4599408
51791584,-4494956
51791305,-4385916
51782512,-4654151
51782276,-4546132
51780216,-4415038
51778392,-4379610
51615955,-4242925
51615894,-4218264
51615215,-4158774
51601741,-4141153
51601589,-3992005
51590751,-4195728
51590690,-4012115
51590618,-4001631
51590457,-4000526
51590034,-3999454
51568809,-3977405
51565319,-3981675
51554107,-4172703
51553245,-4171995
51544841,-4210189
