51981918,-4318647
51992980,-4404275
51995170,-4419353
52000930,-4423554
52014122,-4427386
52026496,-4423960
52045372,-4308034
52045795,-4399804
52052013,-4422308
52066455,-4436532
52089565,-4300009
52089904,-4431110
52091133,-4440588
52103137,-4478482
52107574,-4487373
52118389,-4281247
52118965,-4440941
52119522,-4471649
52125106,-4486261
52133548,-4498232
52138835,-4499506
52158126,-4379834
52158473,-4463222
52159065,-4471179
52159450,-4472370
52163089,-4465347
52189998,-4362326
52191150,-4396697
52195022,-4350344
52195636,-4337061
52165237,-4424243
52165069,-4336803
52157352,-4291427
52149993,-4283783
52136337,-4473822
52136177,-4431871
52135627,-4298610
52129444,-4279196
52109748,-4420443
52109634,-4370298
52109222,-4350530
52102890,-4279594
52097923,-4253293
52091697,-4243388
52063732,-4352224
52063430,-4306135
52062858,-4257187
52057289,-4257869
52023437,-4342209
52020454,-4302495
52000930,-4423554
52000926,-4362989
51997711,-4313549
