52068210,-4021773
52099376,-4080724
52100349,-4135947
52101455,-4149740
52109352,-4182483
52123878,-4022977
52124225,-4135730
52124618,-4184120
52142791,-4048402
52142864,-4090687
52143020,-4163405
52143741,-4178450
52159446,-4034737
52159542,-4148869
52159976,-4245666
52168693,-4274139
52178371,-4273521
52208873,-4194780
52208988,-4212657
52212848,-4244878
52239719,-4266974
52213413,-4201650
52212852,-4123819
52210647,-4066161
52177043,-4012782
52173984,-4011488
52159202,-4264532
52157886,-4036610
52115043,-4089662
52115036,-4083031
52114982,-4079903
