51612537,-4113293
51623294,-4147745
51626575,-4148766
51637104,-4134596
51660400,-4028823
51660449,-4054432
51660606,-4063968
51661060,-4071869
51662071,-4078856
51705654,-4021368
51711143,-4073723
51719345,-4089474
51750007,-4011208
51751140,-4068688
51756374,-4071695
51987960,-4745850
51988277,-4923480
51992980,-4404275
51993156,-4686425
51995849,-4804871
52000186,-4930346
52005264,-4397517
52005390,-4910825
52006256,-4916564
52019073,-4397294
52019214,-4890338
52019329,-4900083
52023929,-4399012
52023952,-4790987
52027603,-4832277
52039031,-4832512
52043197,-4307922
52043289,-4382009
52044609,-4742424
52045284,-4792798
52048408,-4806383
52057083,-4345646
52057151,-4641015
52058773,-4721846
52062427,-4765271
52063930,-4770617
52071857,-4304103
52071876,-4620373
52072063,-4725384
52074310,-4749105
52108890,-4151427
52109069,-4468003
52109947,-4677757
52112480,-4683767
52116619,-4083514
52116630,-4576429
52117336,-4682969
52121192,-4038384
52121295,-4280636
52121540,-4422908
52121963,-4636928
52124763,-4658791
52129539,-4007411
52129562,-4470948
52129589,-4500732
52129741,-4540320
52130397,-4626496
52135448,-4102760
52135673,-4450491
52136337,-4473822
52136806,-4479342
52138835,-4499506
52148242,-4056356
52148281,-4376224
52150386,-4473724
52159542,-4148869
52159595,-4458633
52159729,-4469914
52159820,-4471016
52163089,-4465347
52179500,-4329164
52179695,-4367221
52183856,-4389898
52189300,-4405772
52198989,-4182162
52199470,-4326520
52202606,-4376122
52203937,-4385034
52209827,-4376581
52217044,-4360702
52232868,-4201236
52233398,-4261689
52235130,-4272526
52242156,-4265444
52244808,-4261682
52252632,-4229056
52253406,-4221872
52225223,-4151733
52223056,-4070925
52212554,-4359453
52212509,-4115826
52210647,-4066161
52205287,-4067800
52191226,-4267271
52190361,-4129858
52188148,-4076470
52183383,-4049112
52177043,-4012782
52173984,-4011488
52165069,-4336803
52164787,-4065732
52164421,-4030826
52147693,-4434999
52147323,-4064338
52145008,-4025572
52135128,-4300924
52135021,-4011909
52134292,-3996461
52131401,-3988953
52129539,-4007411
52125144,-4633113
52125061,-4117451
52123878,-4022977
52118995,-4564820
52118984,-4083123
52118785,-4042583
52109634,-4370298
52109352,-4182483
52108890,-4151427
52106510,-4066745
52104339,-3997736
52101966,-4010829
52093734,-4285741
52093467,-4051674
52091701,-4030090
52087169,-4656656
52087146,-4137112
52085121,-4085519
52074409,-4691887
52074165,-4210579
52073925,-4158456
52072662,-4030714
52068183,-4657411
52068130,-4161008
52064373,-4123491
52056324,-4635014
52056285,-4349809
52054641,-4108998
52050136,-4619684
52049945,-4399428
52049674,-4304263
52046974,-4184450
52042213,-4808912
52042205,-4308152
52042098,-4191672
52041225,-4171433
52027061,-4635741
52026702,-4397629
52023906,-4295121
52020454,-4302495
52013111,-4706815
52013080,-4399757
52012367,-4366623
52010654,-4350693
52009963,-4344580
51992176,-4767172
51991085,-4361014
51990821,-4343055
51988304,-4319488
51969123,-4788218
51968971,-4647195
51968799,-4645713
51964313,-4633177
51957176,-4631405
51945449,-4654133
51762645,-4069507
51759326,-4050152
51674194,-3984878
51674022,-3984913
51666801,-3991727
51642921,-4087736
51642799,-4040857
51642597,-4030370
51640491,-4029770
51638984,-4030599
51620731,-4077254
