51681476,-5173424
51728694,-5208178
51735126,-5225336
51788078,-4938975
51788597,-5058205
51790279,-5083961
51796821,-5096825
51819946,-5003236
51820533,-5093387
51823371,-5102696
51824607,-5104566
51825828,-5106044
51845676,-4961954
51845676,-5009669
51847717,-5087018
51848037,-5088478
51855503,-5116092
51870628,-4952102
51870815,-5137608
51871273,-5283404
51872772,-5299948
51899417,-5049732
51899566,-5246692
51903980,-5267208
51917041,-5069959
51917205,-5172770
51918949,-5207641
51920806,-5224632
51926265,-5220078
51933986,-4888390
51933990,-5141275
51934402,-5196697
51936450,-5204394
51948062,-5180189
51972408,-5070264
51941490,-5149687
51941337,-5052875
51923511,-5208592
51923313,-5126739
51922931,-4988046
51922710,-4939607
51917610,-4922636
51908317,-5197736
51907836,-5007021
51902862,-4930779
51900409,-4916342
51895423,-4888996
51880977,-5138226
51880825,-4952610
51880542,-4939048
51876937,-4913239
51821235,-4959943
51820804,-4927652
51816822,-4872164
51809902,-4847843
51784729,-4946762
51779579,-4903438
51777458,-4892584
51765552,-5076200
51765167,-4932731
51763122,-4922801
51748569,-5142569
51748435,-4914163
51747585,-4904613
51742897,-4904253
51738231,-4912458
51737319,-4926697
51728534,-5193045
51727546,-5125048
51724060,-5110817
51699535,-5273994
51698032,-5171572
