51646537,-3938687
51647811,-3941760
51666397,-3954792
51671504,-3956833
51681018,-3943357
51683860,-3935681
51683971,-5174756
51685592,-3924992
51685863,-3926667
51688629,-3940543
51697391,-3904932
51697486,-4709405
51698032,-5171572
51699535,-5273994
51702293,-3875396
51702449,-4700829
51704040,-5163959
51705944,-3906027
51705978,-4724851
51706729,-5172514
51706787,-5175081
51709541,-3918301
51709548,-4700702
51709663,-5168883
51712234,-3918912
51712322,-4713434
51712421,-4813812
51716899,-5158993
51717220,-5174132
51722190,-4723803
51722217,-5138683
51725971,-5181756
51728694,-5208178
51736267,-4854346
51738029,-5133798
51738300,-5158574
51740348,-5197834
51752246,-5002377
51752933,-5184565
51757396,-4677720
51757461,-4995461
51757480,-5033782
51759372,-5167612
51771106,-4735675
51771343,-5079277
51771652,-5109278
51771846,-5109669
51773925,-5109000
51780979,-4740201
51781383,-5080642
51781436,-5097017
51781696,-5102139
51787979,-4658127
51788078,-4938975
51788135,-4978380
51788597,-5058205
51790279,-5083961
51806694,-4926433
51806720,-4972730
51807250,-5069277
51807773,-5095254
51826126,-4727413
51826660,-5033845
51828788,-5102284
51831703,-5102950
51838958,-4728944
51839687,-5058388
51841270,-5083193
51845138,-5114126
51856334,-4833826
51856437,-5051318
51857139,-5104541
51858829,-5125604
51866432,-4792550
51866603,-5124763
51871273,-5283404
51872772,-5299948
51882984,-4847535
51882984,-5261760
51883827,-5302124
51892166,-4816547
51892925,-5145284
51893238,-5266632
51903858,-5055624
51903980,-5267208
51909286,-4796329
51909343,-5142694
51911136,-5249156
51917003,-4830128
51917041,-5069959
51917205,-5172770
51918949,-5207641
51920806,-5224632
51925918,-4787545
51926086,-5072980
51926265,-5220078
51933986,-4888390
51933990,-5141275
51934402,-5196697
51936450,-5204394
51941425,-4704881
51941490,-5149687
51942043,-5175704
51944988,-5181106
51948062,-5180189
51972663,-4912342
51973228,-5022264
51975036,-5045322
51978363,-5070628
51991523,-5080372
52007907,-5071194
52020156,-5059176
51946865,-4994541
51924442,-5116416
51923770,-4845551
51923343,-4733931
51917720,-4692330
51911899,-5089632
51911830,-4786482
51911487,-4727074
51910205,-4696169
51903858,-5055624
51903034,-4704928
51899456,-4705585
51895893,-4710865
51895145,-4712827
51890243,-5184773
51890003,-4884607
51889682,-4715332
51886737,-4699110
51882133,-5220020
51881874,-4775386
51880371,-4719261
51874675,-5195550
51874660,-4872200
51874004,-4705640
51866603,-5124763
51866462,-4728503
51861961,-4703653
51855503,-5116092
51855159,-4728051
51852859,-4721609
51846664,-4711971
51839687,-5058388
51838958,-4728944
51837039,-4685261
51823101,-4947206
51822818,-4665824
51822055,-4662137
51819179,-4664376
51812820,-5067871
51812713,-4965247
51811885,-4745327
51811531,-4702402
51803565,-4979906
51803054,-4744877
51745468,-5157915
51745388,-4911512
51745021,-4681304
51738151,-4630343
51734443,-4646596
51727546,-5125048
51727478,-4713256
51724338,-4683251
51722095,-3910587
51721702,-3900479
51718612,-4750009
51718105,-3917064
51716712,-3916296
51715854,-3918228
51714908,-3921735
51712421,-4813812
51712398,-4697600
51712234,-3918912
51709663,-5168883
51709541,-3918301
51707965,-3886211
51704975,-4702485
51704929,-3911123
51704765,-3896657
51703960,-3888635
51702293,-3875396
51699626,-3876920
51668121,-3954301
51668022,-3922208
51667865,-3911297
51666919,-3907628
51664634,-3905941
51662998,-3904990
51651744,-3917150
51647956,-3923585
