51611206,-4941497
51642787,-4872666
51644107,-5016849
51647907,-5026426
51652366,-4983780
51652801,-4958318
51655174,-3906208
51655261,-4813363
51655532,-4976700
51658214,-3884317
51658218,-4793821
51658382,-4918004
51658523,-4969377
51660667,-3901625
51660671,-4984341
51662433,-5023345
51663616,-5029730
51665672,-3868359
51665817,-4803748
51665882,-4873897
51665946,-4929439
51666259,-5003511
51670490,-5068478
51675685,-5106472
51678676,-3866767
51678768,-4919865
51679698,-5002375
51681575,-5105472
51684532,-5098801
51685028,-5097431
51687995,-3874254
51688175,-4941105
51688213,-4949977
51689537,-5107508
51698883,-3895312
51698917,-4922726
51699020,-4936207
51699066,-4936905
51719329,-5029922
51719890,-5054214
51724899,-5104213
51737781,-4933476
51737792,-4965869
51738708,-5024773
51742427,-5076932
51745460,-5082630
51792556,-4979123
51696769,-4958147
51693656,-4708829
51690532,-4829833
51690528,-3882766
51690086,-3861681
51687610,-4949982
51687583,-3879837
51687522,-3875161
51686889,-3866903
51684852,-4953420
51684799,-4771629
51679927,-3875541
51678676,-3866767
51675792,-4719233
51675640,-3891014
51675579,-3887019
51673904,-3876565
51673057,-3875026
51671047,-3871834
51667018,-4724434
51666973,-3869728
51666191,-3867512
51665191,-3865823
51662380,-3867934
51661762,-3868921
51659023,-4722929
51658996,-3903810
51658897,-3886023
51658668,-3874981
51651760,-4864718
51651664,-3886850
51651313,-3877135
51649639,-3889228
51647956,-3923585
51644474,-4807504
51644447,-3892302
51642322,-4872097
51640869,-4786365
51637699,-4687454
51629451,-4913515
51626537,-4901133
