51405464,-78216
51408451,-90486
51409717,-94632
51414093,-104459
51414386,-104893
51420536,-107415
51422405,-106273
51428302,-85084
51448795,28231
51448810,6399
51448822,-5343
51448867,-5773
51450191,-18223
51454956,-50734
51463104,-77970
51482498,-116027
51485187,-119934
51487964,-123724
51489440,-123375
51494964,-121722
51502819,-119252
51506874,-117557
51508361,-108360
51508411,-106931
51508449,-104854
51507335,-39175
51503028,4515
51495182,75006
51491531,93180
51489864,100407
51484973,103812
51475685,106757
51455200,1585
51455036,21584
51454841,24540
51449790,52685
51429161,-80905
51429027,22191
51428977,33812
51426906,34440
51426013,32631
51425853,31976
51406890,-80127
51406307,-78483
