51726894,-117154
51735160,-147334
51769649,-46987
51769676,-119152
51771282,-134825
51772335,-140550
51788677,-153957
51806484,-30557
51806491,-90247
51810050,-145135
51822422,58146
51822509,-11328
51822746,-116869
51823101,-121701
51824218,-126980
51824890,-128595
51831451,-133403
51847278,68746
51847370,-24054
51847518,-98340
51851516,-121215
51866207,61509
51866664,-120380
51869419,-143201
51869560,-144227
51900772,-202525
51901027,-217804
51902507,-221030
51903465,-222415
52022029,-265858
52022563,-332288
52023326,-371351
52029960,-388777
52034763,-391039
52054397,-271303
52054531,-302657
52055461,-311300
52060009,-348384
52064647,-379564
52083141,-263027
52083446,-338470
52083465,-341826
52084056,-381692
52105777,-281715
52106464,-338053
52113643,-340809
52129932,-206669
52130073,-287515
52130115,-290917
52130325,-298741
52130825,-300065
52152828,-201582
52153137,-303177
52154907,-309951
52174297,-197864
52175380,-257973
52192768,-133839
52202537,-142150
52195251,-114582
52171718,-301564
52171428,-190186
52165771,-117642
52146488,-240672
52146205,-194058
52144039,-134109
52143249,-128427
52137676,-107764
52120834,-277177
52119323,-204421
51930465,-173628
51930423,-162371
51928478,25352
51926010,50388
51913005,-191195
51912685,76535
51912456,90904
51909603,108858
51897560,-197317
51897529,-42729
51897502,41371
51897129,116835
51895099,116748
51887901,-197187
51887733,16544
51887523,92886
51884975,109609
51877380,118929
51875862,117434
51869750,107197
51860572,-132514
51859359,73032
51856021,112567
51850830,108244
51838741,-117204
51838562,84198
51838443,86312
51831493,93378
51812530,-31720
51812500,-17178
51811721,55113
51810874,57155
51784740,-86990
51784721,2697
51784637,17453
51784080,45512
51783016,58106
51773792,11751
51754646,-132598
51754421,-87837
51753826,-85399
51727783,-111942
