51986804,-52162
52024665,31109
52024711,-79361
52043178,-117154
52056541,-136270
52063919,-140207
52077529,18608
52077655,-58508
52078590,-138663
52089454,-152166
52103248,7912
52103389,-93110
52107906,-128812
52112125,-145358
52119884,-139032
52144309,-45295
52144859,-75906
52158370,-70995
52163921,-67729
52166038,-62417
52102230,34850
52101375,99978
52099723,104675
52086883,111281
52082084,105827
52066482,-35434
52044246,2452
52043834,85817
52042846,115461
52026836,114950
52017192,110941
51993972,14606
51992935,55847
51992858,58056
51992710,59013
51991210,54705
51989505,19672
