53140445,-2099429
53142551,-2108659
53151302,-2122361
53197322,-2046961
53197345,-2121536
53202022,-2237869
53208274,-2265167
53209682,-2270432
53233100,-2165667
53233917,-2303919
53248428,-2151878
53248432,-2242622
53253158,-2282802
53257530,-2300579
53264743,-2303599
53271175,-2304439
53278251,-2277524
53269294,-2087629
53267353,-2072827
53243270,-2295564
53243190,-2125576
53242969,-2112794
53242420,-2085791
53235668,-2025579
53225959,-2255017
53225345,-2121196
53222320,-2071477
53217464,-2025583
53206371,-2255739
53204715,-2039319
53204341,-2025156
53194286,-2015376
53176567,-2032097
53164146,-2044995
53143955,-2083545
