53119697,-1921724
53158756,-1854668
53159862,-1899098
53187282,-1948404
53190132,-1981401
53192031,-2002354
53212802,-1798438
53213054,-1955456
53217350,-1971879
53235328,-1781342
53235595,-1902681
53236431,-1913631
53243171,-1935945
53244518,-1939884
53248622,-1946053
53259391,-1947074
53273796,-1773739
53273841,-1823014
53274253,-1878556
53304126,-1756186
53304271,-1884638
53309421,-1894830
53323356,-1867712
53327243,-1857145
53303249,-1782076
53299476,-1719272
53278297,-1868286
53278186,-1776010
53278144,-1769352
53277111,-1730067
53268749,-1729187
53257076,-1921459
53257072,-1896277
53256671,-1789868
53255535,-1745582
53245368,-1734042
53229717,-1883265
53228538,-1828863
53227416,-1805994
53222167,-1767870
53205257,-1938606
53204982,-1824749
53204627,-1810528
53168666,-1883027
53167858,-1825170
53165626,-1796340
53160373,-1774320
53143878,-1746375
53137058,-1744083
53125717,-1754028
53120780,-1800407
