53119697,-1921724
53138698,-1781849
53140445,-2099429
53142551,-2108659
53149986,-1766958
53150844,-2080404
53151302,-2122361
53163585,-1873903
53164146,-2044995
53164474,-2088447
53177364,-1912747
53177852,-2127060
53179447,-2130327
53190425,-1811233
53200630,-2192861
53202022,-2237869
53208412,-1856508
53209354,-2225571
53209682,-2270432
53225856,-1870469
53225959,-2255017
53226306,-2284556
53229701,-2297208
53231700,-2302106
53233917,-2303919
53248428,-2151878
53248432,-2242622
53253158,-2282802
53257530,-2300579
53264793,-1918252
53264842,-2198878
53264938,-2241021
53265247,-2295161
53278423,-2130614
53278820,-2190304
53279853,-2259958
53284381,-1737805
53284488,-2241251
53284557,-2246967
53286315,-2265666
53300357,-1799347
53300666,-2093845
53300903,-2151314
53301109,-2178384
53302959,-2196383
53311264,-1830499
53312091,-2103701
53349658,-2145584
53356372,-2165514
53363204,-2129176
53364997,-2030797
53398761,-2152474
53401046,-2158905
53410739,-2163635
53417430,-2153850
53417800,-2152587
53430328,-1953981
53430660,-2050275
53433258,-2085062
53468387,-2104655
53477478,-2100986
53482143,-2098450
53482746,-2097201
53509540,-2028882
53514503,-2035581
53496158,-2020718
53479320,-1912371
53478057,-1905910
53465679,-2082641
53465610,-1990622
53465541,-1969398
53465461,-1966220
53464054,-1954592
53456066,-1934768
53445968,-1916625
53429645,-2071960
53429599,-1945208
53428249,-1942335
53421329,-1950199
53326583,-2113270
53323356,-1867712
53323310,-1866557
53318126,-1833834
53315292,-1819540
53308998,-2182424
53308929,-1827026
53308921,-1797837
53308494,-1756717
53307708,-1745465
53299404,-2098959
53299388,-1830155
53298030,-1735981
53297119,-1733332
53294601,-1729025
53292823,-1750835
53287097,-2177696
53286705,-1880920
53286468,-1778967
53284381,-1737805
53279476,-2216403
53279434,-1772284
53278350,-1738005
53277111,-1730067
53270347,-2081783
53270088,-1780626
53268749,-1729187
53266368,-1778574
53261360,-2282886
53261360,-1918438
53261341,-1914510
53261184,-1897961
53257308,-1754879
53255535,-1745582
53253303,-1743840
53250907,-1742521
53245536,-2148766
53245464,-1793519
53245368,-1734042
53240413,-2263612
53240203,-1906102
53239700,-1799315
53236335,-1782581
53235603,-1780261
53213638,-1932006
53212802,-1798438
53212314,-1791387
53194286,-2015376
53193748,-1867527
53190425,-1811233
53182155,-2118963
53182102,-1865872
53178077,-1800934
53160362,-2094840
53159988,-1861407
53159019,-1835136
53149700,-2106314
53149475,-1833364
53147270,-1779711
53144416,-1747881
53143878,-1746375
53137058,-1744083
53125717,-1754028
53120780,-1800407
