53293045,-1952868
53299671,-2015399
53311157,-2028341
53323432,-2028890
53354156,-1927156
53354969,-1979993
53356307,-2007968
53356559,-2009531
53381202,-2035859
53381935,-2145935
53382175,-2148236
53400119,-2160555
53407558,-2161561
53407562,-2161561
53410266,-1985744
53452896,-1971438
53403778,-2121944
53403003,-1991868
53401512,-1950057
53385463,-2127799
53384731,-1953790
53380229,-1924285
53337516,-1888288
53323871,-1880682
53306095,-2021915
53305442,-1937698
53305183,-1936348
53302284,-1929314
53297786,-1935804
