51466636,-723839
51467521,-750391
51472366,-772302
51483112,-787855
51504013,-682280
51504066,-755443
51504344,-764787
51504367,-765348
51510845,-807568
51511627,-808441
51540229,-728545
51540374,-760438
51540630,-808636
51540737,-812930
51543354,-832618
51544036,-832759
51575477,-730997
51566364,-691271
51558856,-683336
51556941,-681833
51525718,-753974
51525691,-669416
51523555,-658682
51523330,-658054
51521789,-657854
51518795,-659110
51515644,-660528
51491535,-774249
51491458,-713942
51490482,-688187
51479789,-692166
51477790,-695261
