51248485,-1993517
51280090,-2021298
51281654,-2064033
51306957,-2070832
51321926,-1893428
51321949,-2006867
51323143,-2082351
51323272,-2086528
51324642,-2086387
51348041,-1975627
51348060,-1995183
51348068,-1998586
51348571,-2033780
51350818,-2048959
51363140,-2062373
51368255,-2066890
51399623,-1969074
51395294,-1935601
51369239,-2057985
51369174,-1935250
51366928,-1889661
51340290,-1984489
51339557,-1967190
51335842,-1938771
51329593,-1898003
51321529,-1873109
51317813,-1879332
51311328,-1894270
51294719,-2026138
51294708,-1971051
51294357,-1967738
51292098,-1967353
51250759,-1982512
