51428722,-2286964
51429214,-2309981
51441421,-2366665
51444755,-2378678
51456424,-2192018
51456485,-2325710
51458965,-2369152
51461387,-2368524
51470668,-2131351
51470779,-2208174
51471008,-2312449
51472934,-2384728
51480319,-2410422
51517940,-2219357
51520084,-2243839
51535915,-2257750
51558986,-2266348
51576034,-2251311
51545070,-2232350
51544906,-2149389
51544773,-2147773
51540893,-2130963
51529674,-2100138
51513683,-2265219
51513202,-2202935
51512477,-2168621
51511787,-2137392
51509815,-2125269
51507453,-2121213
51489616,-2127805
51479072,-2380043
51462871,-2125298
51462619,-2124001
51459262,-2125964
51457977,-2126839
51437370,-2235744
