51372421,-2034975
51374000,-2050894
51380153,-2077569
51420440,-2124966
51420627,-2132128
51421173,-2135193
51421974,-2137784
51422454,-2138332
51505352,-2059211
51505352,-2078085
51506385,-2120446
51521274,-1959509
51522274,-2065618
51522678,-2076039
51525203,-2080743
51543903,-2085260
51565757,-1965919
51565795,-2029988
51566780,-2062695
51567077,-2063201
51578208,-2008437
51579761,-1991321
51570976,-1947532
51545864,-2050366
51545497,-1997730
51545085,-1960237
51544723,-1952076
51542930,-1946151
51525211,-2078623
51524898,-2013370
51523685,-1980623
51522399,-1955602
51501976,-2103665
51501811,-1967449
51500835,-1930642
51484416,-2129951
51484004,-2041239
51478912,-2029427
51455619,-2127091
51455589,-2113232
51455341,-2109187
51453113,-2075059
51448223,-2058301
51416774,-2129572
51416717,-2124294
51413299,-2053771
51412807,-2052217
51402759,-2041582
51387630,-2028865
51373657,-2033281
