51248485,-1993517
51280090,-2021298
51281654,-2064033
51306957,-2070832
51321926,-1893428
51321949,-2006867
51323143,-2082351
51323272,-2086528
51353733,-2009083
51353790,-2135984
51353855,-2142935
51367294,-1953065
51367298,-2142489
51367641,-2202333
51369548,-2225168
51388229,-2042891
51388339,-2117003
51388450,-2164801
51389076,-2217891
51400562,-2022462
51400608,-2069036
51400836,-2280320
51401027,-2280839
51421291,-2090481
51421325,-2242090
51422351,-2274426
51429214,-2309981
51440109,-2075570
51440151,-2264188
51441421,-2366665
51444755,-2378678
51453495,-2130367
51453525,-2237109
51453556,-2275909
51454204,-2322527
51455204,-2361566
51458965,-2369152
51461387,-2368524
51470668,-2131351
51470779,-2208174
51471008,-2312449
51472934,-2384728
51478446,-1948718
51478511,-2279011
51478984,-2378962
51480319,-2410422
51485820,-1978017
51485851,-2388480
51488887,-2405646
51490249,-2385451
51498043,-2099925
51498512,-2226812
51498958,-2258622
51505374,-2298900
51513706,-2003468
51513988,-2264169
51514019,-2267138
51514133,-2268709
51515319,-2271656
51522399,-1955602
51522422,-2132091
51523296,-2185899
51524608,-2247712
51536243,-2004118
51536296,-2080142
51536460,-2153067
51537864,-2183522
51543174,-2232297
51543510,-2234361
51546741,-2245496
51551330,-2253771
51556838,-1795979
51556907,-1986508
51557342,-2244645
51558986,-2266348
51564495,-1778374
51564525,-2007280
51564624,-2038268
51566036,-2222949
51569923,-2236705
51574440,-2251533
51576034,-2251311
51589179,-2061456
51589237,-2105365
51589313,-2112554
51589500,-2129602
51593486,-2176961
51611141,-1981799
51635978,-2065623
51636009,-2070261
51636360,-2082920
51656124,-2066838
51660728,-2051968
51625019,-2065073
51624683,-1982082
51619132,-1947333
51604042,-2111522
51603374,-2025970
51546813,-1781070
51545215,-1778453
51542491,-1778438
51541156,-1779915
51539539,-1785258
51519714,-2134966
51519435,-2027838
51517448,-1967092
51500663,-2126064
51500476,-1992272
51500358,-1974250
51500144,-1950797
51481246,-2107650
51480358,-1968573
51478446,-1948718
51476322,-1930146
51457462,-2103780
51457286,-2031903
51457088,-2028232
51452667,-1949783
51444549,-1905029
51441127,-1901597
51432933,-2204247
51432888,-2006884
51432739,-1970490
51431762,-1896755
51422454,-2138332
51422313,-1987712
51422229,-1969720
51415004,-1960278
51407276,-2261569
51407260,-2049494
51406642,-1994027
51395294,-1935601
51381084,-2132244
51381034,-1937849
51380825,-1931412
51371318,-2174365
51371315,-2135908
51371311,-2131684
51371028,-1927978
51369503,-1903805
51366928,-1889661
51357532,-2119696
51357479,-1965497
51325222,-2079342
51325157,-1896377
51322010,-1875619
51321529,-1873109
51317813,-1879332
51311328,-1894270
51294719,-2026138
51294708,-1971051
51294357,-1967738
51292098,-1967353
51250759,-1982512
