51447071,-1858127
51521984,-1919094
51522476,-1944748
51523880,-1947111
51527091,-1950826
51555004,-1710730
51557308,-1901780
51559120,-1919273
51561077,-1930955
51573497,-1900605
51568691,-1713963
51567825,-1688907
51549877,-1895609
51549755,-1696918
51549461,-1675418
51547645,-1667425
51535385,-1900904
51535152,-1699726
51531158,-1669450
51528938,-1663988
51521221,-1656450
51504909,-1809596
51502864,-1733477
51501983,-1730198
51501449,-1729365
51495494,-1723206
51480659,-1909216
51474754,-1856933
51465225,-1808063
