51269424,-1663475
51279479,-1713409
51291126,-1729226
51305564,-1533744
51305652,-1651963
51306209,-1658242
51306846,-1660949
51321681,-1673410
51334632,-1676548
51353656,-1679100
51354442,-1866183
51359661,-1869571
51360469,-1869282
51361915,-1867468
51368659,-1544668
51368755,-1719475
51370296,-1792945
51370708,-1792124
51383136,-1598654
51383144,-1759305
51386402,-1817819
51416419,-1875220
51420246,-1876877
51428081,-1866400
51433879,-1854529
51443229,-1613668
51443332,-1733176
51444053,-1764885
51453235,-1803580
51465358,-1603217
51497394,-1654050
51498233,-1704463
51521156,-1617635
51504749,-1579002
51472675,-1724310
51472610,-1631258
51471256,-1586408
51470054,-1562909
51428153,-1726893
51428150,-1662843
51425693,-1634240
51420524,-1606713
51411144,-1895191
51411136,-1573062
51411052,-1570056
51410717,-1567040
51406902,-1561598
51390075,-1764299
51388355,-1589986
51385173,-1572023
51368106,-1501794
51367401,-1502765
51360683,-1868994
51360607,-1546169
51360374,-1525246
51347026,-1511715
51304367,-1637685
51303295,-1556217
51291126,-1729226
51290515,-1653985
51289875,-1623746
51279987,-1638507
