50985988,-1277322
50988311,-1312084
50994518,-1348848
51009532,-1407492
51026813,-1412562
51039211,-1413789
51048812,-1405436
51063625,-1288771
51072265,-1383270
51078266,-1391298
51084678,-1394883
51086627,-1395843
51107032,-1280634
51107326,-1387017
51112846,-1401172
51148067,-1269017
51148372,-1344827
51152320,-1374940
51202720,-1270400
51192974,-1205885
51189102,-1201229
51176906,-1203587
51157051,-1332821
51156841,-1227225
51155700,-1225886
51145088,-1215870
51111709,-1299432
51110572,-1280165
51105819,-1220405
51088901,-1375367
51087924,-1240496
51086189,-1217023
51030704,-1337817
51030551,-1270168
51027976,-1205955
51018417,-1209653
