50906009,-1210818
50914356,-1275130
50937217,-1132940
50937248,-1204127
50937915,-1286463
50948898,-1288814
50972312,-1194057
50972366,-1254872
50977260,-1267912
50986885,-1258543
51000190,-1242470
51001754,-1234064
51018943,-1135167
51007293,-1110996
51003311,-1106383
50984584,-1234959
50984077,-1153365
50983867,-1130177
50983329,-1120443
50977920,-1111485
50958454,-1225835
50957431,-1170110
50956085,-1129656
50951179,-1100378
50937019,-1294161
50936817,-1176767
50936229,-1125856
50932670,-1116759
50920402,-1124603
50918704,-1132103
