51151180,-1462341
51151371,-1488432
51159805,-1634342
51160381,-1634410
51188186,-1531566
51188365,-1632242
51192607,-1637446
51199932,-1622217
51213554,-1357604
51213718,-1570707
51214530,-1591331
51225128,-1618890
51239238,-1643712
51240638,-1641982
51250865,-1426305
51250911,-1625453
51251373,-1638890
51251918,-1643657
51264572,-1424214
51264579,-1558725
51278591,-1584297
51293785,-1437631
51295322,-1531467
51297050,-1602101
51304306,-1590965
51326515,-1526715
51322547,-1440480
51309429,-1435159
51308601,-1435269
51293769,-1586469
51293724,-1486451
51293529,-1420152
51291606,-1409822
51269920,-1518352
51269802,-1375154
51262420,-1370152
51252693,-1601553
51252513,-1394102
51244110,-1388424
51227523,-1529048
51227447,-1466766
51226730,-1424271
51213554,-1357604
51205192,-1357993
51199581,-1362708
51196235,-1369180
51177185,-1484170
51176155,-1419879
51165592,-1434914
