51061313,-1796521
51061676,-1799502
51064872,-1801558
51089397,-1814032
51095901,-1815634
51096130,-1814619
51151180,-1462341
51151371,-1488432
51159805,-1634342
51160381,-1634410
51188186,-1531566
51188365,-1632242
51192607,-1637446
51199932,-1622217
51214580,-1473157
51214660,-1531713
51214942,-1561375
51216857,-1586127
51218654,-1600730
51225128,-1618890
51239238,-1643712
51240638,-1641982
51250865,-1426305
51250911,-1625453
51251373,-1638890
51251918,-1643657
51264572,-1424214
51264579,-1558725
51278591,-1584297
51293785,-1437631
51295322,-1531467
51297050,-1602101
51304306,-1590965
51326515,-1526715
51322547,-1440480
51309429,-1435159
51308601,-1435269
51293769,-1586469
51293724,-1486451
51293529,-1420152
51291606,-1409822
51269920,-1518352
51269802,-1375154
51262420,-1370152
51252693,-1601553
51252513,-1394102
51244110,-1388424
51228347,-1528266
51228298,-1476338
51226730,-1424271
51213554,-1357604
51205192,-1357993
51199581,-1362708
51196235,-1369180
51177185,-1484170
51176155,-1419879
51091159,-1814396
51091045,-1780114
51090244,-1775420
51089309,-1771269
51085350,-1768077
51074298,-1769587
51063476,-1774150
51062549,-1775454
51061862,-1777554
