51026100,-2085088
51051044,-2140659
51061885,-2175595
51065879,-2187513
51070091,-2196878
51073741,-2201932
51130023,-1929596
51131050,-1949916
51131267,-1952117
51132518,-1958875
51195686,-1908616
51196670,-1925659
51229747,-1958732
51230640,-1957786
51231510,-1956826
51231903,-1949721
51199085,-1899092
51193248,-1860954
51151710,-1858819
51134761,-1860986
51128219,-1862578
51120162,-2112265
51091453,-2041215
51090793,-2014442
51085636,-1925180
51082901,-1909324
51071514,-2171393
51040267,-1995128
51039062,-1999079
51028739,-2062420
