50933475,-2001571
50934616,-2012486
50955135,-1649518
50955596,-2038488
50955818,-2071391
50956336,-2087978
50957645,-2121924
50963428,-1633193
50963542,-2025751
50966037,-2157176
50975189,-1705783
50975723,-1964596
50978900,-2020603
50997489,-1656324
50997539,-1759394
50998081,-1902777
51000999,-1988561
51003337,-2034552
51005714,-2051585
51012058,-1621649
51012077,-1749597
51012447,-2034502
51013622,-2049527
51022888,-1741041
51023189,-1982754
51024570,-2028423
51052680,-1603855
51060546,-1763020
51061176,-1771136
51071250,-1803600
51085899,-1634768
51086021,-1666848
51088607,-1709906
51094429,-1726463
51101684,-1709938
51129268,-1626209
51128147,-1622117
51118400,-1615839
51087207,-1604931
51071250,-1803600
51071147,-1608037
51067440,-1582194
51059383,-1574432
51042633,-1733343
51042419,-1631429
51039562,-1598947
51022403,-1742182
51021537,-1633990
51011985,-1868551
51011840,-1650259
51011703,-1623719
51007442,-1612963
50989795,-1745015
50989685,-1641991
50987407,-1625924
50974605,-1607681
50973789,-1611107
50968997,-2117895
50968933,-1634004
50968746,-1619608
50960361,-1951580
50960159,-1634800
50959346,-1630321
50947830,-2118381
50941822,-2033837
50940242,-2025097
