50893199,-1771221
50902648,-1828272
50910831,-1871083
50918754,-1879853
50938354,-1760211
50939369,-1851321
50945552,-1888880
50971038,-1784582
50971302,-1819887
50971549,-1849424
50973495,-1900192
50974414,-1905062
50988288,-1928869
50993324,-1851734
50973133,-1758679
50972721,-1722876
50972473,-1713464
50968658,-1708218
50965206,-1705021
50941310,-1796277
50941062,-1784479
50938972,-1751071
50937225,-1740164
50912479,-1835234
50912433,-1823371
50912414,-1821181
50911258,-1763138
50910335,-1751594
50909389,-1745583
50897472,-1758530
