51482501,410601
51487751,405472
51491897,402078
51539226,729652
51539237,707096
51539859,464280
51577922,528838
51577922,424063
51578201,399655
51578334,398219
51580955,392939
51587913,415774
51608940,519657
51609043,490760
51610008,490799
51616867,491694
51641609,583621
51642715,507235
51644432,595774
51619167,502771
51619163,528472
51619113,573747
51607574,587740
51585418,437295
51585369,501952
51585338,517224
51584438,527885
51583099,540659
51567775,399684
51567768,497320
51567657,508426
51567276,523225
51566970,534883
51562103,530543
51548328,470825
51547546,758524
51543998,773829
51542911,773922
51539611,772683
51532444,460707
51532379,728118
51532272,767780
51528461,768804
51527080,768273
51497638,400838
51494632,412494
51486072,412734
51483921,411511
