52904823,-1957585
52905311,-1974980
52912223,-2033565
52915576,-2028273
52940750,-1929293
52942203,-1967013
52942771,-1974720
52945163,-2002712
52947330,-2020332
53019466,-1989404
53019969,-2023333
53020343,-2034603
53021419,-2048349
53036540,-1899803
53036624,-1929808
53039390,-1958482
53040832,-1969831
53046024,-1993455
53065933,-1986348
53068542,-1965081
53064701,-1878100
53056888,-1851370
53048904,-1835361
53020824,-1945114
53019550,-1887320
53009975,-1867195
52991790,-1986029
52991596,-1941620
52988315,-1888653
52984767,-1874258
52971759,-1882248
52947330,-2020332
52947326,-1913328
52940277,-1899980
52905311,-1974980
