53044502,-1915908
53049358,-2047948
53050037,-2050022
53057624,-2070143
53100883,-2010533
53100929,-2039716
53101043,-2046199
53102787,-2124240
53103466,-2135325
53109531,-2138765
53128822,-1994205
53129066,-2079257
53129322,-2124063
53137882,-2121726
53155220,-1986575
53155254,-2020999
53156951,-2029779
53165489,-2038445
53171051,-1983040
53169578,-1963818
53125839,-2036273
53124420,-1960295
53122509,-1934719
53116195,-1864761
53094875,-2021717
53094657,-1901953
53092765,-1866806
53083019,-1842324
53070728,-2033823
53069763,-1933977
53068847,-1919175
53065322,-1898169
53059383,-1888172
53055881,-1890643
53049274,-1903831
