52737979,-2135462
52747100,-2190582
52770481,-2216446
52795116,-2224013
52799358,-2223885
52816452,-2081950
52816707,-2220030
52830677,-1992818
52830684,-2083297
52832653,-2207938
52833030,-2208297
52844871,-2007871
52845394,-2089933
52845539,-2109250
52846897,-2181414
52870021,-2079823
52871967,-2089141
52875328,-2101182
52882854,-2087157
52903751,-2047355
52909023,-2029072
52900260,-1989254
52897205,-1982239
52866138,-2081241
52844593,-2184626
52843753,-1997374
52841510,-1936298
52830520,-2207662
52830505,-2000596
52830478,-1998265
52828769,-1995772
52803585,-1959848
52795116,-2224013
52795032,-1989577
52794574,-1987989
52794277,-1987026
52786029,-1969280
52771114,-2117423
52769725,-2107311
52749237,-2106282
52739192,-2126756
