52659374,-2175579
52674961,-2243053
52680229,-2254930
52699031,-2079761
52702415,-2225062
52705299,-2234815
52733001,-2124340
52733406,-2174307
52747100,-2190582
52770637,-2063588
52771194,-2135239
52773071,-2189408
52777664,-2206846
52784545,-2215048
52795318,-1987455
52795349,-2127513
52795398,-2133772
52795452,-2139452
52796047,-2197041
52796257,-2204294
52799358,-2223885
52816406,-2097351
52816413,-2110438
52816429,-2120542
52816707,-2220030
52832664,-1997656
52832782,-2127816
52833030,-2208297
52844871,-2007871
52845394,-2089933
52845539,-2109250
52846897,-2181414
52855091,-1803200
52855457,-1974741
52855739,-2065762
52858009,-2185530
52865558,-1888967
52865573,-1953760
52865989,-2193199
52867141,-2193293
52867572,-2192984
52874160,-1856972
52875278,-2142160
52876029,-2194417
52884628,-1918729
52884647,-2139368
52886905,-2231412
52889701,-2225734
52892372,-2215835
52905681,-1884567
52905696,-2155344
52905799,-2159611
52908210,-2221326
52908988,-2233285
52916576,-1867465
52916725,-2172070
52916881,-2223660
52916900,-2225817
52917015,-2227662
52917190,-2229328
52925086,-1913789
52925178,-2114166
52926898,-2205014
52928588,-2235874
52951499,-2082191
52951622,-2183133
52957038,-2159696
52964298,-1856303
52964328,-1990683
52964359,-2057828
52964469,-2067536
52964595,-2071466
52966323,-2081459
52995460,-1993641
52996986,-2067080
53009975,-1867195
53010574,-1975888
53013908,-2169341
53016788,-2197093
53019104,-2199891
53024139,-2203030
53030700,-2200347
53031284,-2199873
53034866,-2196400
53045288,-1840775
53045299,-2168868
53047103,-2165921
53048366,-2161495
53056888,-1851370
53057285,-2046405
53057624,-2070143
53100883,-2010533
53100929,-2039716
53101043,-2046199
53102787,-2124240
53103466,-2135325
53109531,-2138765
53128822,-1994205
53129066,-2079257
53129322,-2124063
53137882,-2121726
53155220,-1986575
53155254,-2020999
53156951,-2029779
53165489,-2038445
53171051,-1983040
53169578,-1963818
53125839,-2036273
53124420,-1960295
53122509,-1934719
53116195,-1864761
53094875,-2021717
53094657,-1901953
53092765,-1866806
53083019,-1842324
53070728,-2033823
53069763,-1933977
53068847,-1919175
53064701,-1878100
53048366,-2161495
53048149,-1971616
53047916,-1838065
53045288,-1840775
53041454,-1845935
53041061,-1847427
53034866,-2196400
53034858,-2166709
53034839,-2152647
53032577,-1910056
53028732,-1864379
53021038,-2169190
53021003,-1946708
53019550,-1887320
53009975,-1867195
52991790,-1986029
52991596,-1941620
52988315,-1888653
52984767,-1874258
52974014,-1836302
52972347,-1833880
52953826,-1984493
52953788,-1835067
52949970,-1812654
52941696,-2170517
52941337,-1872270
52936840,-1860485
52929214,-2168489
52928913,-1936735
52927894,-1894386
52925937,-1863093
52916358,-2126382
52916065,-1956086
52915668,-1874636
52907440,-2149848
52907428,-1889008
52907424,-1868356
52906017,-1854890
52869758,-2155557
52869590,-2010074
52868885,-1911851
52867099,-1801082
52861934,-1794852
52856021,-1790810
52852462,-1807386
52844593,-2184626
52843753,-1997374
52841510,-1936298
52830509,-2142448
52830505,-2000596
52830478,-1998265
52828769,-1995772
52811340,-2120573
52811317,-2097740
52811096,-2083171
52811050,-2081791
52808670,-2022551
52803585,-1959848
52790985,-2131104
52790939,-2069416
52790798,-1987219
52790786,-1982489
52786029,-1969280
52782863,-1961587
52779907,-1962909
52771434,-1972165
52760074,-2176963
52759918,-2092556
52758373,-2065037
52757354,-2056545
52753929,-2051266
52726867,-2042735
52710765,-2220561
52710670,-2107062
52702220,-2082534
52699031,-2079761
52682628,-2103472
52661571,-2161794
