52724643,-2244662
52768848,-2287551
52769470,-2293587
52828006,-2305900
52828983,-2358135
52838432,-2377853
52855346,-2246437
52855857,-2342006
52863296,-2381664
52902545,-2270225
52903385,-2350587
52907573,-2345119
52927711,-2308403
52932514,-2258346
53008228,-2116278
53008258,-2122955
53008380,-2127545
53008762,-2129603
53014102,-2152573
53014514,-2153424
53015224,-2154634
53015548,-2154755
53050434,-2154656
53055282,-2152749
53060108,-2137636
53059482,-2134739
53057231,-2129241
53056632,-2128464
53049495,-2120701
53039531,-2113633
53024024,-2103425
53023216,-2103095
53021823,-2103509
52919319,-2258207
52917903,-2242167
52917564,-2240350
52894241,-2350899
52889392,-2259351
52884326,-2233256
52864696,-2343680
52864669,-2228769
52856700,-2206939
52847198,-2196293
52737545,-2239106
