52743076,-2988652
52743625,-3453178
52744697,-3470502
52748676,-2981178
52750164,-3435898
52750675,-3474097
52760028,-2999573
52760314,-3432245
52760429,-3451514
52761173,-3479505
52782859,-2973140
52791557,-3072650
52791786,-3399955
52792320,-3412830
52809932,-3209090
52809951,-3331742
52810111,-3353898
52810455,-3357929
52817649,-3436267
52828643,-3142714
52828823,-3307339
52829166,-3329866
52835468,-3419322
52843437,-3078762
52843536,-3176141
52898811,-3050143
52898937,-3090731
52931552,-3112187
52919864,-3028461
52919261,-3025219
52917808,-3018996
52906124,-2999572
52900066,-3006020
52869182,-3092748
52866767,-3074326
52850948,-3261715
52850894,-3062128
52849529,-3045055
52848678,-3040258
52846782,-3034455
52812118,-3363960
52812110,-3065366
52811119,-3009216
52810405,-2997746
52802474,-3291447
52802276,-3051182
52799781,-3010200
52792194,-2957273
52783657,-2942259
52761173,-3479505
52761142,-3003051
52759803,-2958430
52743625,-3453178
