52801452,-2964968
52805889,-2976741
52848621,-3004278
52849178,-3033442
52849838,-3057512
52854465,-3069002
52859386,-3070473
52861278,-3069987
52862583,-3069143
52890075,-2977161
52890354,-3028015
52891162,-3033415
52892734,-3039517
52899982,-3042768
52914005,-3048637
52943077,-3013729
52945804,-3009937
52956607,-2993515
52892360,-3034365
52892276,-2950411
52879173,-2936498
52857902,-3059626
52857875,-3035460
52856597,-2989092
52852142,-2956707
52849056,-2946897
52845523,-2937674
52834724,-2918605
52820137,-2925004
52803585,-2959112
