52879199,-2654929
52902370,-2723860
52902702,-2763160
52903488,-2772058
52908771,-2794345
52913970,-2812524
52922466,-2825206
52927150,-2831781
52944694,-2618848
52945163,-2730662
52946155,-2842847
52962352,-2703499
52962459,-2777195
52963405,-2850820
52968971,-2848904
53007606,-2670464
53007690,-2713685
53010974,-2730715
53036342,-2688716
53036415,-2688448
53039169,-2678172
53031814,-2655168
52987457,-2723808
52987018,-2586384
52985874,-2562937
52966983,-2677443
52966964,-2669522
52948101,-2825531
52947948,-2745368
52947502,-2664474
52947231,-2651849
52944694,-2618848
52943233,-2606997
52938644,-2579286
52923347,-2730637
52923076,-2609437
52921863,-2569855
52914459,-2567111
52892257,-2746759
52891597,-2636522
52891220,-2610832
52891117,-2609776
52888420,-2590075
52884372,-2594790
52880805,-2626987
