52440101,-3346911
52446582,-3378417
52479385,-3300467
52479412,-3338802
52484218,-3389210
52521762,-3301238
52521839,-3372298
52523235,-3380623
52527935,-3406937
52548904,-3285700
52548915,-3376047
52551223,-3401531
52554573,-3421345
52584598,-3338375
52584758,-3398410
52590454,-3402548
52600479,-3407726
52620372,-3373620
52609565,-3332032
52583217,-3299117
52563396,-3280797
52539009,-3269545
52533260,-3141350
52528285,-3145366
52513626,-3310355
52513538,-3174190
52510223,-3146075
52501216,-3150777
52485557,-3337825
52485523,-3239419
52479496,-3237129
52459136,-3344722
52452690,-3312665
