52354793,-3587092
52361270,-3602950
52402133,-3539297
52403263,-3573160
52406211,-3637774
52413429,-3659405
52470687,-3528866
52470722,-3593899
52472328,-3614684
52481349,-3333089
52481918,-3530198
52483463,-3552591
52494773,-3352482
52494777,-3567956
52502410,-3667190
52508213,-3001156
52513854,-3305926
52513889,-3426692
52514606,-3655420
52515354,-3654726
52516708,-3647010
52520900,-3064702
52520908,-3308788
52539276,-3350252
52541049,-3477915
52547939,-3048161
52548751,-3487642
52550205,-3630321
52550861,-3642153
52552490,-3658822
52560985,-3147693
52561035,-3555675
52561305,-3651926
52563854,-3656447
52597774,-3591550
52597919,-3649996
52610515,-3352620
52611053,-3628660
52611629,-3660969
52618713,-3658918
52620372,-3373620
52707180,-2753572
52707241,-2756947
52707336,-2758888
52707576,-2759573
52708515,-2760300
52716651,-2761996
52719806,-2761682
52724708,-2759886
52742084,-2744575
52743625,-3453178
52744697,-3470502
52760028,-2999573
52760314,-3432245
52760429,-3451514
52761173,-3479505
52782859,-2973140
52791557,-3072650
52791786,-3399955
52792320,-3412830
52809932,-3209090
52809951,-3331742
52810111,-3353898
52810455,-3357929
52823249,-3068503
52823417,-3356434
52823860,-3406314
52828311,-3451164
52835906,-3108805
52836242,-3316112
52836318,-3336453
52848495,-3061283
52848731,-3196759
52850948,-3261715
52860664,-3040102
52860824,-3161130
52861831,-3222282
52872413,-2998248
52872444,-3100675
52874652,-3149139
52885566,-2885987
52885604,-3010604
52886318,-3102066
52890415,-3122756
52897617,-2666951
52897628,-3037345
52898044,-3153994
52903057,-2637106
52903064,-2757859
52903114,-2951213
52903190,-3081041
52905277,-3136671
52916374,-2713670
52916519,-3071348
52916652,-3077301
52918319,-3112457
52920543,-3115459
52928966,-2659934
52929309,-3106640
52931552,-3112187
52936759,-2677060
52937175,-2883560
52937290,-2912740
52938056,-2989804
52939540,-3012068
52943077,-3013729
52945804,-3009937
52958091,-2788401
52958374,-2975500
52966926,-2705450
52967052,-2755494
52968143,-2813405
52968971,-2848904
52983402,-2646167
52983539,-2712929
52985031,-2839953
52994918,-2849889
53009078,-2655076
53009090,-2785425
53010276,-2842087
53013420,-2848449
53026348,-2848644
53035789,-2846606
53067272,-2744518
53069519,-2825881
53081958,-2838958
53090824,-2698441
53071487,-2660873
53060821,-2655129
53039115,-2841751
53039016,-2741555
53036415,-2688448
53031814,-2655168
52991157,-2823894
52987018,-2586384
52985874,-2562937
52966983,-2677443
52966964,-2669522
52948101,-2825531
52947948,-2745368
52947502,-2664474
52947231,-2651849
52944694,-2618848
52943233,-2606997
52938644,-2579286
52932842,-3011139
52932834,-2803503
52932617,-2595333
52930866,-2578320
52925994,-3090995
52925548,-2705296
52925197,-2650462
52923370,-2575780
52921863,-2569855
52914398,-2899183
52914104,-2658385
52913730,-2651479
52912586,-2642019
52909385,-2633824
52891162,-3033415
52891117,-2609776
52888420,-2590075
52884372,-2594790
52880805,-2626987
52879199,-2654929
52871585,-3002656
52871513,-2901628
52871070,-2796657
52863208,-2794864
52861160,-2801020
52852863,-3061419
52852863,-3055137
52852142,-2956707
52848934,-2895491
52846084,-2845420
52838607,-3327957
52838485,-3098049
52837867,-2887273
52828643,-3142714
52827953,-3033650
52826763,-2962605
52823764,-2936070
52820137,-2925004
52812046,-3223110
52811786,-3102836
52811119,-3009216
52810405,-2997746
52803585,-2959112
52801452,-2964968
52793247,-3238644
52793170,-3081039
52792194,-2957273
52783657,-2942259
52761173,-3479505
52761142,-3003051
52759803,-2958430
52746658,-2737750
52744724,-2720236
52739948,-2713167
52736270,-2711760
52733894,-2711112
52729862,-2710233
52729499,-2710479
52705585,-2748631
52704460,-2751601
52643802,-3643209
52626533,-3619498
52611183,-3627011
52610515,-3352620
52609565,-3332032
52590629,-3081700
52587768,-3050779
52554599,-3529643
52554573,-3421345
52547767,-3174587
52547080,-3054497
52546398,-3016802
52544475,-2997277
52533546,-3415815
52533538,-3187962
52533260,-3141350
52533023,-3103503
52530830,-3005577
52530311,-2990706
52527103,-3019068
52521636,-3421157
52521617,-3316252
52520900,-3064702
52518535,-3041699
52512405,-3489391
52512325,-3305070
52512191,-3165385
52511276,-3100497
52508857,-3012753
52508213,-3001156
52502410,-3667190
52502399,-3262434
52501056,-3094599
52498184,-3112544
52491561,-3534627
52491268,-3268862
52489906,-3220631
52470722,-3593899
52470687,-3528866
52457084,-3480120
52438980,-3634973
52435585,-3494772
52423995,-3471231
52413600,-3466974
52401851,-3470509
