52496200,-3984949
52570411,-3779318
52573192,-3941082
52575031,-3950078
52578971,-3958651
52593242,-3806449
52593822,-3928057
52597282,-3920073
52616874,-3696885
52618244,-3847349
52629962,-3854034
52646358,-3707767
52646476,-3814142
52651603,-3842547
52654216,-3849664
52663322,-3864674
52668964,-3867355
52679687,-3813062
52694877,-3681737
52696727,-3713196
52727741,-3711169
52747112,-3689496
52769550,-3624612
52761295,-3620835
52708904,-3665437
52698493,-3638603
52666034,-3708239
52660949,-3692988
52657634,-3693229
52637863,-3836412
52637725,-3715382
52637588,-3700510
52632637,-3687948
52535491,-3930749
52531551,-3910436
52505973,-3964052
