52569637,-3276420
52611774,-3120146
52612777,-3402700
52616683,-3438039
52620727,-3456741
52657054,-3147030
52657287,-3310064
52657608,-3412148
52662681,-3471503
52670417,-3188180
52670951,-3402744
52673088,-3434019
52675991,-3472054
52678306,-3494527
52688308,-3076686
52688377,-3356239
52689811,-3466911
52692008,-3517885
52699146,-3147896
52699813,-3477384
52702800,-3549770
52710071,-3160779
52711433,-3403064
52734672,-3430841
52730621,-3096402
52728538,-3450929
52722225,-3438563
52721160,-3080086
52717906,-3015072
52717025,-3000319
52701503,-3201281
52701480,-3124649
52700935,-3052075
52700580,-3036987
52698684,-3026894
52689811,-3466911
52683811,-3161474
52683082,-3144827
52679153,-3061018
52670951,-3402744
52670318,-3126066
52668544,-3107938
52667659,-3099942
52659275,-3061157
52648284,-3319401
52647846,-3113265
52645534,-3081443
52631267,-3303613
52629238,-3139846
52628425,-3120307
52626529,-3095268
52625595,-3085354
52623104,-3065600
52619968,-3043056
52609817,-3434875
52609455,-3146435
52607093,-3064547
52593105,-3237272
52592830,-3157915
52591491,-3151487
52571964,-3259268
