52236465,-4083895
52236667,-4114178
52237697,-4173603
52242324,-4214917
52251579,-4200390
52255851,-4192689
52272792,-4032451
52272953,-4180004
52273326,-4189404
52283733,-4184016
52284370,-4183541
52306797,-4055806
52307235,-4146996
52311103,-4142869
52322200,-3930148
52322814,-4007948
52324573,-4085672
52327819,-4114442
52330879,-4120709
52351295,-3784437
52351486,-4017103
52353092,-4099438
52356353,-4107743
52386169,-3928268
52386264,-4045992
52388858,-4083382
52409332,-3902134
52409343,-4075070
52409492,-4082130
52409698,-4084952
52411445,-4088843
52412784,-4088994
52421848,-4084349
52433082,-4078480
52447029,-4067203
52429016,-3985678
52428161,-3773494
52420932,-4084335
52420810,-3850024
52419689,-3825169
52410781,-4085268
52410598,-4049151
52409088,-3852298
52408733,-3827818
52398075,-4066501
52398040,-3881732
52393371,-3855622
52389400,-3839467
52358585,-4093956
52358333,-4020646
52357181,-3754540
52351272,-3780002
52342620,-4003986
52341194,-3918248
52339336,-3892508
52327518,-4111523
52325969,-3939851
52325016,-3929464
52324394,-3927896
52322200,-3930148
52311103,-4142869
52310901,-4074642
52288810,-4003696
52288333,-3975948
52236667,-4114178
