52145454,-3847954
52204559,-4021036
52205776,-4036107
52236465,-4083895
52236667,-4114178
52237697,-4173603
52242324,-4214917
52251579,-4200390
52255851,-4192689
52272792,-4032451
52272953,-4180004
52273326,-4189404
52283733,-4184016
52284370,-4183541
52293983,-3834850
52294315,-4068309
52294372,-4097128
52294544,-4130793
52303226,-4151817
52306663,-4157559
52311103,-4142869
52322200,-3930148
52322814,-4007948
52324573,-4085672
52327819,-4114442
52330879,-4120709
52351295,-3784437
52351486,-4017103
52353092,-4099438
52356353,-4107743
52386169,-3928268
52386264,-4045992
52388858,-4083382
52409332,-3902134
52409343,-4075070
52409492,-4082130
52409698,-4084952
52411445,-4088843
52412784,-4088994
52478172,-4054541
52478176,-4056468
52494483,-3913484
52494838,-4051576
52495685,-4051644
52549823,-3838088
52574367,-3889570
52575031,-3950078
52592716,-3192973
52592956,-3844927
52593128,-3919478
52593822,-3928057
52600791,-3194462
52600811,-3729607
52600879,-3855759
52601123,-3906596
52605617,-3168662
52605648,-3844574
52607669,-3869235
52614311,-3409794
52614940,-3723546
52615375,-3789000
52616725,-3856606
52622219,-3212802
52622245,-3687134
52622993,-3843324
52626651,-3166344
52626838,-3330991
52627952,-3800846
52629962,-3854034
52636444,-3204550
52636726,-3833793
52637157,-3836708
52637863,-3836412
52640987,-3110386
52641002,-3236850
52641239,-3716890
52641487,-3842180
52645526,-3281599
52646175,-3844757
52646476,-3814142
52650955,-3326417
52651603,-3842547
52654216,-3849664
52662063,-3330125
52662151,-3858222
52663093,-3863777
52663322,-3864674
52678451,-3695010
52679687,-3813062
52679870,-3810718
52689826,-2729794
52689826,-2734335
52696853,-2734883
52697006,-3151599
52697311,-3683966
52700935,-3052075
52700942,-3305955
52703277,-3687137
52704971,-3693203
52708648,-2740468
52708671,-3255548
52708904,-3665437
52709373,-3690804
52710285,-3691893
52712078,-3691800
52713607,-3690452
52717025,-3000319
52717037,-3215461
52717784,-3691206
52719348,-3691802
52720775,-3690892
52722671,-3686464
52736927,-3112675
52737640,-3245361
52738052,-3289927
52745567,-3298830
52747112,-3689496
52748939,-3653357
52755599,-3276739
52756053,-3628612
52761402,-3084001
52761554,-3266598
52768657,-3301208
52769550,-3624612
52774047,-3155485
52774219,-3201859
52775379,-3292394
52777595,-3305773
52781997,-3327255
52792034,-3310759
52798076,-3294225
52843967,-3040564
52797863,-3284918
52797451,-3258015
52792125,-3168747
52787147,-3087073
52780258,-3069466
52769046,-3269499
52768600,-3085099
52760772,-3028369
52751537,-3315395
52751358,-3062105
52749298,-3051610
52723556,-3316226
52722503,-2728784
52720748,-2715860
52715164,-2714688
52712554,-2714556
52710109,-2715079
52705020,-3265760
52705009,-2715262
52703826,-2713702
52697914,-3152451
52697898,-2734308
52697658,-2728134
52697223,-2721408
52693569,-3692119
52693538,-2719572
52692001,-2715564
52687656,-2724014
52686325,-2745106
52682720,-3705665
52682479,-3165225
52680316,-3093278
52679153,-3061018
52670951,-3402744
52670318,-3126066
52668544,-3107938
52667659,-3099942
52648284,-3319401
52647846,-3113265
52645534,-3081443
52640449,-3716730
52640274,-3236637
52638923,-3118654
52637798,-3087592
52630836,-3723668
52630691,-3354882
52629238,-3139846
52628425,-3120307
52626529,-3095268
52625595,-3085354
52623104,-3065600
52619968,-3043056
52609817,-3434875
52609455,-3146435
52607093,-3064547
52598834,-3704736
52598663,-3201015
52598430,-3134513
52596927,-3153431
52593822,-3928057
52593711,-3193841
52593204,-3132015
52493022,-4050519
52492004,-3993848
52490825,-3973747
52423130,-4016784
52420810,-3850024
52419689,-3825169
52410781,-4085268
52410598,-4049151
52409088,-3852298
52408733,-3827818
52398075,-4066501
52398040,-3881732
52393371,-3855622
52389400,-3839467
52358585,-4093956
52358333,-4020646
52357181,-3754540
52351272,-3780002
52336967,-4000178
52336429,-3851035
52334365,-3846810
52311103,-4142869
52311073,-3920510
52310077,-3845285
52300838,-4132165
52300025,-3911834
52295494,-3848334
52293983,-3834850
52285530,-4127017
52284912,-3862536
52279449,-3815822
52251579,-4200390
52251296,-4168041
52208393,-3950853
