52682300,-2641803
52684875,-2666958
52686233,-2678518
52723308,-2618699
52723350,-2842141
52730964,-2892682
52747859,-2717595
52748790,-2868824
52749847,-2912240
52751277,-2944079
52755374,-2949146
52763786,-2674654
52763881,-2921425
52764099,-2924497
52767299,-2930405
52769203,-2933142
52780937,-2693838
52781303,-2890065
52782676,-2919465
52798210,-2950361
52810188,-2942980
52810375,-2942451
52817729,-2577321
52878684,-2715962
52879741,-2775210
52880668,-2777931
52889495,-2791659
52895133,-2799788
52896911,-2771354
52892658,-2709444
52865909,-2665395
52865211,-2623272
52864192,-2601080
52862007,-2597856
52860755,-2596933
52841384,-2710479
52840541,-2675280
52835697,-2623532
52828033,-2584091
52819160,-2882395
52819065,-2689281
52818725,-2579530
52817729,-2577321
52810325,-2903595
52810317,-2720609
52807350,-2618927
52806629,-2610773
52802280,-2598460
52799354,-2601119
52793628,-2612712
52782676,-2919465
52782623,-2653656
52778747,-2639350
52767192,-2916471
52766975,-2751492
52765766,-2638746
52763946,-2641698
52754302,-2884047
52754047,-2778339
52753433,-2698157
52751468,-2675635
52736099,-2610673
52724529,-2606960
52684875,-2666958
52683204,-2628768
