52553878,-2907107
52558464,-2984835
52560913,-3002371
52573017,-3020945
52576595,-3016954
52585136,-2703567
52585151,-2960932
52589542,-2996322
52596702,-2684839
52596847,-2939840
52598815,-2986404
52599323,-2994683
52604084,-3018270
52613754,-2734391
52613822,-2984025
52617225,-3016123
52631305,-2553468
52631393,-2930060
52631759,-3019799
52642715,-2806746
52642795,-2896856
52643196,-3030973
52649879,-2623648
52649925,-2889730
52651866,-2973097
52655921,-3030592
52662158,-2682388
52662338,-2994015
52663108,-3016729
52671886,-3043361
52736873,-3051636
52738498,-3030214
52719932,-2925547
52719314,-2867276
52695579,-2785141
52694049,-2716917
52671932,-3035982
52671325,-2698858
52669712,-2631738
52661437,-2908001
52659545,-2586262
52658775,-2550252
52653789,-2548165
52646736,-2884639
52646667,-2713673
52646278,-2571142
52643730,-2568774
52643474,-2571727
52636856,-2913891
52636848,-2747634
52634498,-2604545
52631305,-2553468
52622806,-2867611
52622673,-2773495
52620723,-2650930
52614101,-2595742
52608417,-2595931
52603771,-2599589
52582172,-2953768
52581562,-2659603
52578083,-2644912
52575092,-2640721
52570392,-2920033
52566825,-2880463
52556934,-2888068
