52283473,-2912963
52284648,-2931019
52348861,-2938401
52353374,-2984673
52391262,-2911867
52392433,-3041915
52396274,-3059818
52421325,-3120239
52430305,-2795022
52430309,-3101861
52430713,-3131126
52441192,-2842015
52441280,-2946676
52453701,-2757932
52453708,-3052750
52454841,-3194481
52457931,-3215744
52474308,-2718565
52500625,-2899572
52503612,-2674376
52514202,-2888326
52500625,-2899572
52489154,-2724831
52488353,-2676822
52447414,-2837692
52446975,-2767647
52444019,-2661327
52441062,-2659959
52439125,-2681479
52433868,-3106495
52433780,-2946780
52432010,-2782183
52426155,-2772814
52422176,-2778700
52413681,-3083568
52413604,-3029181
52396930,-2792790
52386356,-3069058
52346179,-2926953
52313167,-2905344
