52277362,-2674746
52305519,-2707381
52305625,-2764025
52306201,-2771896
52354267,-2622311
52354625,-2657070
52355384,-2721539
52364978,-2829448
52367084,-2844585
52422843,-2722302
52423461,-2730987
52432140,-2752635
52443672,-2762792
52446926,-2758523
52451839,-2749410
52445411,-2622256
52443386,-2599600
52435657,-2604702
52408290,-2703806
52406219,-2656395
52398117,-2597341
52376468,-2705063
52376403,-2581637
52376384,-2572015
52341918,-2758383
52339969,-2591654
52338535,-2568973
52323577,-2728974
52323101,-2647095
52314121,-2631942
52311672,-2628901
52280792,-2669286
