50973201,-2878071
50975540,-2879036
51008270,-2761422
51008464,-2847033
51009235,-2855029
51014633,-2889384
51016544,-2896862
51022377,-2898926
51030773,-2888614
51050258,-2768929
51052364,-2838660
51056079,-2863335
51060993,-2866256
51078330,-2846195
51087524,-2814438
51089275,-2807001
51065715,-2773952
51030490,-2729121
51025135,-2724426
51021720,-2722034
51007610,-2890532
51007301,-2762546
51005374,-2763070
51004688,-2763259
51000942,-2765577
50999866,-2766643
50998512,-2770183
50979549,-2872232
