50837020,-2857024
50854667,-2865084
50883430,-2789891
50883678,-2819975
50883796,-2831279
50888782,-2870265
50890865,-2881423
50894248,-2894383
50907039,-2940851
50925724,-2984711
50939964,-2753132
50940036,-2945033
50940418,-2979257
50941940,-3000298
50950271,-2717168
50950397,-2966825
50950908,-2981755
50955966,-2992167
50964221,-2976197
50976161,-2769172
50976299,-2876374
50991493,-2876960
50996704,-3089000
50999301,-3125116
51006813,-3143143
51015403,-3140988
51016159,-3140408
51021835,-3130624
51023841,-3113647
51031322,-2817873
51031791,-2867836
51052738,-2743218
51052742,-2774820
51052761,-2818150
51056079,-2863335
51060993,-2866256
51078350,-2640207
51078453,-2821701
51083988,-2823812
51087524,-2814438
51089275,-2807001
51103675,-2736651
51095851,-2656842
51091575,-2615215
51090240,-2605645
51078330,-2846195
51077789,-2653074
51077125,-2604717
51076599,-2597159
51061443,-2854221
51061256,-2675246
51057792,-2613183
51057250,-2611721
51054222,-2608527
51046859,-2626063
51036109,-2834087
51036052,-2820494
51035408,-2687819
51034938,-2683748
51032188,-2687686
51028820,-2696748
51016262,-3088917
51016235,-2759057
51010101,-3121158
51010078,-3076142
51009235,-2855029
51008270,-2761422
50954902,-2729070
50954246,-2720005
50953746,-2718232
50951320,-2715362
50945560,-2709950
50935611,-2960385
50935386,-2805785
50934009,-2755000
50923175,-2739259
50898803,-2837902
50898582,-2753132
50893138,-2717939
50872825,-2710522
50866409,-2732762
50838737,-2839765
