50810012,-2905191
50815578,-2931503
50851573,-2957010
50852348,-2998010
50853675,-3004431
50863643,-3029797
50906181,-3070657
50909355,-3080474
50924243,-3097124
50931434,-3102502
50935443,-3105371
50937538,-3026789
50937732,-3009430
50934005,-2996654
50905437,-3082033
50904319,-2969881
50902244,-2919480
50883190,-2877468
50877731,-2866322
50869312,-2860793
50864379,-2858130
50842117,-2959927
50842113,-2953848
50842025,-2937952
50841735,-2893534
50841503,-2880577
50839900,-2866501
50833736,-2865790
50812210,-2888315
