51088253,-3648334
51114463,-3538270
51114494,-3646467
51116874,-3756699
51118209,-3784069
51120288,-3796984
51129463,-3544572
51130146,-3706965
51141628,-3504035
51142131,-3782450
51145713,-3810235
51156513,-3419692
51158496,-3654541
51161197,-3769123
51169116,-3495790
51169212,-3528678
51196243,-3472552
51211215,-3589369
51211757,-3616948
51213283,-3688419
51222888,-3694384
51220958,-3496367
51214954,-3477026
51208015,-3455390
51178657,-3403519
51178470,-3380136
51177654,-3376713
51134086,-3634344
51133144,-3554495
51128517,-3497721
51109516,-3651150
51109428,-3539632
51109146,-3528351
51103839,-3471570
51099132,-3439414
51090499,-3447784
