50810012,-2905191
50815578,-2931503
50851573,-2957010
50852348,-2998010
50853675,-3004431
50943881,-3247951
50945323,-3281547
50954360,-3360330
50964145,-3390806
50973930,-3394674
50988788,-3244843
50990028,-3368468
51006046,-3220747
51006793,-3522347
51010234,-3579708
51021316,-3584263
51029434,-3141974
51029438,-3539618
51031543,-3602438
51032619,-3614284
51037311,-3110191
51037384,-3543974
51041538,-3623893
51046512,-3161653
51046737,-3550107
51051395,-3071450
51057586,-3154839
51063457,-3035081
51063762,-3629782
51067043,-3657500
51114078,-3607792
51114494,-3646467
51116874,-3756699
51118209,-3784069
51120288,-3796984
51126968,-3433849
51127361,-3570568
51130146,-3706965
51141628,-3504035
51142131,-3782450
51145713,-3810235
51151809,-3369246
51152191,-3521680
51152217,-3526471
51153350,-3724267
51155231,-3827552
51162109,-3489556
51163387,-3532660
51187534,-3440407
51188270,-3557713
51193195,-3624056
51211223,-3482694
51211326,-3587970
51211757,-3616948
51213283,-3688419
51222888,-3694384
51220958,-3496367
51214954,-3477026
51208015,-3455390
51182720,-3384212
51182712,-3333806
51182605,-3331213
51180835,-3298298
51178062,-3300437
51155231,-3827552
51154773,-3365775
51154041,-3351396
51138362,-3513120
51138069,-3382991
51123580,-3359895
51119243,-3361596
51116840,-3363469
51107540,-3598480
51103324,-3407407
51100788,-3373480
51088253,-3648334
51088062,-3537880
51086883,-3514952
51081401,-3448628
51073741,-3456240
51070381,-3120887
51068500,-3037563
51067428,-3033615
51067024,-3032592
51061267,-3558155
51061241,-3119411
51059631,-3034596
51056331,-3031886
51047161,-3033451
51042793,-3551316
51042739,-3103702
51041999,-3065527
51036602,-3045778
51008441,-3276957
51007732,-3250140
51006046,-3220747
50989486,-3159331
50984050,-3160706
50968002,-3309401
50967628,-3176346
50965553,-3157952
50960628,-3147691
50943572,-3219238
50937732,-3009430
50934005,-2996654
50905437,-3082033
50904319,-2969881
50902244,-2919480
50883190,-2877468
50877731,-2866322
50869312,-2860793
50864379,-2858130
50842117,-2959927
50842113,-2953848
50842025,-2937952
50841735,-2893534
50841503,-2880577
50839900,-2866501
50833736,-2865790
50812210,-2888315
