50894088,-3123347
50897789,-3151079
50905239,-3167178
50912769,-3174222
50928012,-3168701
50945415,-3039076
50945560,-3125327
50953311,-3149888
50979377,-2996985
50979957,-3091187
50981945,-3128030
50986728,-3146582
50991867,-3142616
50998451,-3126663
50999114,-3124613
51012294,-2949795
51012344,-3042850
51012363,-3045105
51023448,-3109703
51036857,-2923840
51036918,-3030952
51036933,-3031495
51042346,-3031886
51048458,-3026915
51054595,-2989069
51056064,-2951390
51048976,-2916177
51046962,-2917251
51036857,-2923840
51018398,-3046979
51018074,-3027712
51014892,-2913938
51005844,-2902756
50993755,-3117159
50993732,-2992462
50991996,-2889535
50984344,-2886112
50978237,-2886152
50970989,-2923643
50956535,-3124823
50956398,-3023417
50949527,-3010910
50905239,-3167178
50904941,-3111875
50899860,-3112933
