50990554,-3178479
51005661,-3348506
51007946,-3365860
51028617,-3247519
51028720,-3414956
51029212,-3424825
51032707,-3469356
51040527,-3182842
51040573,-3308252
51040779,-3476931
51042999,-3492450
51053276,-3246431
51053489,-3386818
51054096,-3412234
51055179,-3456571
51068374,-3271413
51068592,-3370127
51075500,-3415442
51078132,-3431324
51090366,-3227451
51090534,-3318330
51091831,-3344869
51096855,-3347414
51120021,-3217163
51120624,-3284371
51122600,-3308782
51127128,-3338563
51131225,-3349729
51132831,-3349546
51158824,-3340338
51160514,-3339672
51166236,-3323518
51179336,-3281660
51180061,-3271450
51176193,-3259542
51143661,-3345202
51142578,-3276596
51142326,-3271543
51140525,-3256984
51132976,-3218162
51095394,-3280152
51095260,-3188822
51094272,-3175231
51074474,-3157685
51065868,-3420442
51065593,-3325769
51064865,-3185317
51062961,-3175251
51061233,-3172681
51054553,-3164294
51038745,-3312664
51038715,-3186718
51038345,-3181845
51023448,-3109703
51011478,-3315130
51010837,-3194987
51006576,-3146245
51004093,-3133470
51003070,-3134956
50999870,-3144459
