51071479,-3084589
51072727,-3103102
51076305,-3135235
51101253,-3025071
51102336,-3131615
51103424,-3141968
51111804,-3159247
51121948,-3168303
51153102,-3063167
51154033,-3125230
51154914,-3159140
51160102,-3212869
51166229,-3225517
51177490,-3241967
51182868,-3235129
51197326,-3190175
51207294,-3131968
51208183,-3043220
51181545,-3136931
51180549,-3106590
51177253,-3060760
51154361,-3005414
51147491,-3001318
51125606,-3106725
51125175,-3038933
51110870,-3011898
51109531,-3012612
51097831,-3023309
