51043178,-2882057
51059329,-3000128
51060775,-3016885
51067481,-3014276
51073936,-3009080
51096878,-2886477
51099456,-2993268
51110378,-2983474
51128551,-2808414
51128917,-2953016
51136135,-2965698
51147350,-2978441
51168266,-2978398
51171264,-2973841
51193397,-2874461
51196422,-2891993
51198326,-2887250
51199310,-2875046
51184093,-2855628
51155822,-2934150
51155776,-2861753
51154014,-2834353
51149971,-2813678
51137378,-2801093
51131790,-2796551
51119697,-2794600
51060962,-2905854
51060874,-2899531
51044395,-2869555
