55566387,-2250488
55579654,-2257219
55616973,-2195749
55622344,-2288922
55636222,-2109004
55636257,-2137708
55638889,-2320577
55642467,-2342769
55645217,-2358634
55657989,-2356843
55678947,-2226035
55681213,-2355146
55695053,-2347748
55699516,-2334916
55705547,-2299752
55708263,-2280740
55701320,-2210523
55690742,-2174183
55683673,-2163671
55670848,-2145747
55648525,-2256748
55648330,-2100617
55637611,-2092377
55624557,-2109020
55599674,-2215659
55599536,-2163161
55585895,-2171307
55567268,-2212152
