55606708,-1987338
55632007,-2085073
55634490,-2084618
55669540,-2014870
55669692,-2097333
55680004,-2120338
55710807,-2183455
55713020,-2193588
55748744,-2008671
55749557,-2104239
55750858,-2167649
55764522,-2009823
55764541,-2011496
55793403,-2130624
55804679,-2103127
55815196,-2055123
55789741,-2015500
55788208,-2013480
55783088,-2008440
55738582,-2164761
55737686,-1994081
55737171,-1975416
55659877,-1938542
55658439,-1887097
55653442,-1895645
55631999,-2083405
55631248,-1991237
55619037,-1935796
55612648,-1948538
