55566387,-2250488
55605281,-2899153
55605438,-2900887
55606246,-2908080
55616893,-2934984
55631248,-1991237
55631362,-2239133
55633174,-2767940
55633689,-2838507
55644832,-2164144
55658939,-2285377
55659183,-2954303
55661090,-2236978
55663619,-2774641
55664981,-2871431
55666076,-2881979
55669075,-1784748
55669101,-2201066
55669731,-2803681
55671875,-1802905
55674415,-2353828
55674694,-2742219
55676368,-2779042
55683959,-2342703
55684272,-2720751
55685287,-2810154
55690429,-2336158
55690448,-2859812
55690856,-2867250
55691043,-2868559
55696739,-2262808
55697002,-2865588
55697525,-2871853
55702144,-2347445
55702835,-2860785
55705650,-2892960
55725734,-2135014
55726306,-2358757
55732410,-2907329
55733451,-2926718
55746490,-2398574
55746978,-2876605
55749816,-2002395
55749958,-2194408
55750160,-2287621
55751579,-2414366
55758907,-2006108
55759113,-2338885
55761608,-2372068
55768466,-2011800
55768520,-2133680
55770343,-2336863
55770893,-2367439
55777679,-2012680
55777683,-2333976
55777698,-2344115
55777824,-2348182
55924110,-2330131
55927677,-2416501
55931079,-2430222
55955295,-2395385
55919437,-2398139
55919124,-2313464
55903766,-2138544
55874073,-2085891
55870876,-2084605
55862071,-2410845
55860893,-2266616
55857845,-2101367
55848266,-2508123
55848247,-2223551
55847114,-2114211
55845520,-2087505
55844245,-2069105
55838123,-2062484
55835269,-2068035
55830287,-2130811
55824916,-2424324
55816623,-2276701
55815196,-2055123
55808937,-2492453
55808803,-2375438
55808589,-2334097
55799209,-2212599
55798233,-2082820
55797416,-2030215
55789566,-2334500
55789413,-2016160
55788208,-2013480
55783088,-2008440
55776264,-2339847
55776248,-2012982
55775630,-2003401
55767715,-1994889
55752674,-1987149
55750148,-1987771
55739139,-2263156
55738872,-1987233
55737171,-1975416
55722106,-2180102
55720867,-1992842
55714023,-2436570
55713943,-2245543
55712581,-2078198
55711452,-2043565
55706649,-1929383
55702835,-2860785
55702228,-2235525
55700073,-2001453
55696693,-2866202
55695312,-1987278
55694450,-1956369
55677524,-2099802
55666217,-2308354
55664928,-2208547
55659877,-1938542
55658439,-1887097
55653442,-1895645
55649932,-2777659
55649639,-2252608
55649421,-1977981
55647769,-1976775
55641399,-2853034
55641311,-2280355
55640743,-2199363
55638134,-1964913
55635169,-2766184
55635131,-2280741
55634490,-2084618
55626316,-2900461
55623798,-2150050
55623558,-2123007
55623329,-2097266
55617626,-2800646
55612472,-2769043
55591022,-2936242
55590328,-2253083
55589878,-2225902
55587108,-2810558
55585895,-2171307
55584949,-2186833
55575183,-2819036
55574035,-2817473
55572055,-2816370
55567344,-2830179
55567268,-2212152
