55447219,-2334512
55452388,-2365514
55475475,-2245939
55475624,-2280317
55525825,-2397622
55526500,-2431813
55527614,-2463079
55544807,-2565183
55547641,-2554399
55562210,-2322727
55563190,-2537478
55567329,-2564048
55590801,-2451130
55591209,-2526707
55604091,-2571765
55614391,-2586283
55618907,-2588541
55629184,-2356264
55629325,-2416474
55632225,-2573128
55634017,-2591118
55650604,-2424279
55655235,-2472547
55661762,-2505624
55667396,-2468656
55634017,-2591118
55633178,-2531670
55631771,-2439434
55630313,-2380479
55629184,-2356264
55622707,-2326209
55605297,-2460089
55605030,-2424025
55604660,-2378896
55475475,-2245939
55460838,-2231867
