55095260,-2763859
55290096,-2682127
55302120,-2934260
55307548,-2988107
55334320,-2855566
55334339,-2938675
55334712,-2945951
55366935,-2691084
55367858,-2881502
55368541,-2995214
55385032,-2858791
55385211,-2865172
55390968,-2951494
55395053,-2961128
55412284,-2792348
55412403,-2913089
55427768,-2770963
55427806,-2787744
55429851,-2892743
55433967,-3032259
55441082,-2691779
55441112,-2750832
55443691,-2810097
55453804,-2807901
55467021,-2693925
55501186,-2690996
55484893,-2647938
55454986,-2768553
55452384,-2636179
55448085,-2640426
55431392,-2780689
55431232,-2760553
55412548,-2652140
55411853,-2635480
55409297,-2606062
55399826,-2873591
55399707,-2681850
55399349,-2655270
55367858,-2881502
55367446,-2660390
55130393,-2762679
55122394,-2755517
55100978,-2754062
