52500087,-2649190
52500705,-2670413
52536693,-2700049
52548099,-2699243
52558479,-2674435
52581295,-2572171
52584762,-2587551
52609481,-2471868
52609546,-2561327
52609928,-2581213
52619163,-2566387
52624595,-2538316
52636859,-2322592
52636951,-2396077
52637161,-2400837
52640853,-2444585
52657508,-2295675
52657588,-2394209
52658008,-2403127
52662109,-2423347
52688644,-2498093
52690334,-2527081
52690818,-2531422
52691757,-2533016
52693103,-2533978
52716018,-2535488
52716693,-2533158
52716911,-2532361
52732196,-2375142
52732280,-2406508
52732322,-2407692
52732940,-2410513
52743564,-2441660
52768890,-2492991
52774223,-2495172
52778053,-2496623
52784984,-2488058
52807956,-2459640
52820842,-2440515
52829998,-2422291
52831443,-2396049
52820964,-2357892
52805438,-2337338
52790065,-2320878
52764640,-2421097
52764606,-2382223
52764308,-2365558
52761627,-2295105
52750400,-2284022
52724460,-2403563
52724033,-2350849
52723655,-2341532
52721141,-2282662
52693958,-2521013
52693893,-2290076
52689731,-2258950
52636951,-2396077
52636859,-2322592
52616260,-2484835
52616199,-2423643
52613746,-2349080
52613201,-2347362
52609474,-2343877
52580127,-2597584
52579280,-2507316
52574756,-2489084
52559906,-2667200
52559539,-2613751
52556686,-2583916
52555393,-2574460
52500415,-2625183
