52800395,-2544831
52845302,-2479990
52846446,-2543418
52847480,-2572221
52852458,-2607199
52863754,-2408509
52863758,-2418238
52863822,-2511803
52864398,-2559194
52865600,-2565746
52866641,-2569859
52888874,-2461150
52889190,-2494817
52891750,-2548651
52897209,-2581692
52900344,-2596570
52909233,-2580470
52923183,-2395786
52948547,-2449521
52948890,-2570761
52954151,-2556556
52966827,-2370382
52966915,-2395352
52968662,-2680640
52970588,-2377204
52976169,-2360156
52943347,-2445390
52942928,-2420937
52939525,-2346058
52934345,-2334665
52920310,-2344641
52911514,-2355739
52896400,-2503223
52896297,-2495745
52866985,-2442839
52866798,-2419738
52863754,-2408509
52858219,-2405828
52852077,-2402890
52848056,-2401843
52838542,-2399573
52818096,-2537619
52816272,-2481138
52812313,-2475071
52808887,-2479528
