50973346,388693
50978607,331050
50982322,327261
50987159,325280
51011440,439045
51012073,340783
51013740,348752
51024208,581820
51024379,432202
51033088,444668
51048568,610827
51048587,506782
51048637,471769
51052108,464391
51077049,574024
51077362,493802
51146839,403533
51147258,161881
51155586,557213
51155593,366247
51155910,299562
51156784,174897
51157016,165798
51158668,165947
51164840,548900
51164863,413581
51165554,196008
51166198,160435
51167144,140311
51176101,386483
51176177,346783
51176753,187755
51176879,177589
51185363,442844
51185371,292641
51186973,243521
51191635,178241
51199234,166175
51217361,291868
51217624,214108
51224769,129678
51239048,320912
51239070,93132
51240280,82354
51260288,193769
51260288,61574
51260704,48721
51261772,45701
51264858,42054
51287593,168968
51287631,76136
51289138,18304
51297489,339238
51297542,217220
51297649,26501
51301734,18341
51302330,17836
51325126,130505
51325622,22017
51329326,21849
51330608,22150
51331760,22760
51332038,24222
51339771,80760
51366638,289388
51366310,292647
51364433,300742
51352733,336795
51333065,183331
51333030,304366
51329414,342097
51314014,200895
51313835,304179
51312782,317285
51311862,321615
51309051,330871
51303787,344608
51300674,346049
51286315,187452
51286247,284598
51286098,353130
51269058,193212
51268959,292199
51268642,300040
51261631,330592
51207221,189270
51207195,258277
51206836,366482
51205844,475372
51201133,525979
51196472,557201
51189052,245840
51189006,456203
51188430,546769
51185466,580048
51181625,585743
51169937,176888
51169834,532437
51169673,554000
51168159,568437
51163963,580393
51161319,574252
51155548,169348
51155532,416675
51155204,549884
51154827,575792
51152015,598745
51150344,604400
51144153,611758
51137493,266782
51137474,434111
51137386,486086
51136684,555797
51135875,584086
51134548,620651
51128345,262703
51128326,442791
51128307,480881
51125095,574823
51124565,584698
51102191,427271
51102081,497776
51101413,566407
51089618,617952
51069450,654115
51062694,660494
51050613,467950
51050441,629483
51050079,633307
51041027,653745
51023040,659876
51013740,348752
51013286,473097
51011688,482407
51004276,481855
50982326,354389
50980590,401275
50977485,402639
