51085311,635987
51086765,631329
51094993,614457
51110977,590169
51121692,595299
51148666,686543
51149429,634464
51151947,624011
51158363,610229
51164875,599711
51169864,594556
51178379,594805
51189949,602596
51191570,614096
51205169,787405
51205249,762454
51209342,736123
51233528,774577
51231266,791776
51225040,832709
51215564,828776
51192558,729961
51192504,796960
51190048,812713
51175338,793445
51164283,773365
51151775,747374
51124416,668484
51122779,677666
51116020,680619
51100936,665261
51086902,643175
