50912086,970573
50913414,959730
50939273,934181
50984535,814189
50992717,805876
51005603,974037
51005821,859587
51006435,825010
51006649,820418
51011020,819934
51025501,991628
51025524,867089
51028308,839976
51030963,839083
51043857,1027012
51043865,927940
51044483,926218
51045578,925545
51050926,957462
51051994,1009062
51049114,1030337
51048660,1031892
51047153,1033163
51046752,1032509
51024662,836844
51024578,992296
51024425,994696
51024368,995505
50963829,868914
50963478,892920
50961509,922252
50949893,965494
50944389,967963
50932132,972719
50923015,975823
50914840,974718
