50899223,222450
50924324,67817
50925148,64452
50927822,971490
50927841,275159
50928039,74243
50928493,65839
50936775,351589
50936923,269638
50951595,143819
50951660,91739
50951843,61885
50955261,914170
50955265,234891
50955600,121932
50955787,99785
50964645,64579
50992019,145539
50992023,37664
50992691,-326
50995174,950551
50995197,310787
50995216,60235
50995368,1940
50996654,-3683
51004753,927665
51004886,82134
51004962,35238
51008090,975651
51008113,128434
51008396,65785
51010448,8235
51011486,-1299
51013973,944886
51014049,197910
51014240,81865
51014484,-11535
51023208,837068
51027217,10571
51028602,20015
51031539,1003828
51031616,88520
51031639,58327
51032684,16926
51036140,1005752
51036384,288175
51037239,58462
51038169,41842
51039138,31314
51039394,30912
51042537,928863
51042675,274033
51043170,48952
51045578,925545
51045806,876205
51050388,79191
51051826,42015
51053089,78642
51055171,922061
51055732,93715
51057151,54344
51058212,55781
51066406,876925
51066730,804328
51066936,773122
51095188,1010453
51095382,640003
51095775,636140
51096992,630053
51102890,605317
51110725,922729
51110725,877463
51110752,740468
51110977,590169
51113754,271416
51114036,256603
51114971,245475
51116573,244853
51121822,967450
51121829,256869
51121864,251211
51122192,247855
51122718,248052
51123802,250605
51126087,256619
51126590,258058
51130413,849640
51130435,273082
51132614,263798
51135997,904425
51136085,281822
51136287,275600
51136814,274868
51141502,893532
51141510,284034
51141700,280212
51142120,276773
51145996,275777
51146949,275788
51152744,842950
51152763,328992
51152801,287981
51152885,279448
51153026,279098
51154510,279113
51158164,888925
51158184,746839
51158363,610229
51158893,325210
51159694,295545
51160797,291552
51161415,293971
51166851,735051
51166870,625660
51167449,345596
51169372,339099
51173484,876491
51173488,671618
51173568,649547
51173816,620946
51173961,616075
51175361,600602
51175800,597922
51178379,594805
51185604,929226
51185607,731339
51185718,644533
51185882,611169
51220310,818024
51220668,771498
51222175,765187
51233528,774577
51210609,796639
51210220,907706
51207973,942431
51190528,777261
51190502,883806
51189155,922811
51185230,981012
51180252,1030537
51173961,616075
51173942,752040
51173892,946841
51172428,1014525
51172142,1016552
51168315,1026003
51156322,1046314
51150089,286317
51150077,869629
51149509,1034267
51146881,1031005
51143650,281738
51143646,902074
51143638,906921
51143318,954745
51142326,989484
51141613,1002893
51139579,1035689
51125396,260701
51125350,855417
51125125,972307
51124965,985318
51122406,1043882
51119907,1040515
51116825,248594
51116817,641167
51116783,878697
51114536,1009339
51113014,1034447
51108058,1041709
51102890,605317
51102851,1005851
51102848,1007322
51102134,1040434
51102024,1043770
51086498,876187
51086215,940234
51081890,965150
51048923,995207
51048660,1031892
51047153,1033163
51046752,1032509
51041126,268265
51041080,931353
51040943,1020801
51040363,1021206
51040298,1020913
51037105,289965
51037021,1012414
51036754,1014765
51036621,1015070
51027587,55510
51027507,910814
51027408,998611
51026538,998612
51025997,997893
51024368,995505
51018867,252364
51018634,988362
51016078,85255
51016048,877042
51015888,982767
51015834,984902
51007793,44486
51007789,973931
51007495,977466
51000476,37821
51000434,86421
50998977,838868
50998783,904510
50996936,958836
50989929,971153
50987438,43776
50987274,931652
50986934,969409
50986267,970093
50982154,287046
50982070,968243
50982006,968282
50975299,965304
50971790,252578
50971656,962778
50970825,962967
50965179,279532
50965137,961281
50964855,963228
50962993,963316
50958938,322874
50958744,917663
50958423,963545
50955905,100630
50955890,905523
50955726,963231
50955574,963947
50951107,352868
50951057,905562
50950454,964661
50949893,965494
50944335,243421
50939826,352868
50928039,74243
50915103,966525
50914840,974718
50912086,970573
50911182,220899
50905536,228995
