50832191,422536
50848426,378767
50853466,379933
50860622,383197
50877388,531742
50877536,498570
50877887,425276
50885082,383464
50894409,668324
50894638,542232
50895439,388159
50899753,375864
50918701,370285
50928760,824227
50928848,482220
50930568,379228
50940952,727577
50940986,452858
50941082,438998
50945945,413498
50968006,368279
50972644,371535
50981113,729560
50981300,470727
50982326,444750
50988243,444690
51008563,613982
51009323,507686
51017887,508390
51019462,517003
51028705,727935
51039585,688772
51065593,661616
51080959,650618
51082523,227441
51083179,201970
51088951,689835
51089138,191643
51091453,172103
51133892,224823
51134025,144582
51139110,130979
51145847,145216
51169506,237738
51169624,213595
51175727,211713
51190124,286996
51152206,228836
51152034,241082
51131622,313634
51126983,359195
51126449,363927
51122039,397172
51112163,406533
51099922,201052
51099849,390710
51099479,680133
51098632,686912
51097648,687811
51090858,336406
51090671,688493
51089633,702643
51074798,233708
51074783,701477
51074542,707973
51073291,718150
51071865,726162
51042453,751813
51003189,696031
51001613,725176
50986324,498380
50986248,647997
50984642,729041
50973197,536993
50973072,690411
50972820,730684
50972106,798095
50962188,535254
50961948,730368
50960468,754983
50956150,764751
50945793,508279
50945671,623451
50944473,730873
50940776,770559
50939266,785304
50931385,485543
50931312,812910
50929321,828706
50928077,829737
50920413,541007
50920318,726085
50918746,732951
50914226,728133
50909694,721111
50900119,425805
50899974,522101
50899578,608797
50899444,634036
50896186,672451
50893360,692099
50878288,538345
50878273,571497
50878223,602842
50877960,660845
50877918,665505
50877357,669951
50873409,665589
50872291,660991
50861148,466102
50861133,575783
50861095,583597
50860824,595887
50860366,597043
50858417,596068
50856277,594927
50837142,469012
50836959,467539
50836601,464381
50835521,454737
