50478061,-3718793
50505275,-3776375
50505546,-3838988
50585308,-3632202
50585594,-3704818
50606548,-3600573
50606853,-3753007
50611713,-3802347
50624492,-3602455
50625209,-3757068
50627651,-3819499
50632289,-3862818
50642436,-3877933
50663646,-3896141
50687629,-3895820
50701435,-3839093
50700637,-3828441
50689990,-3742839
50683147,-3726391
50670963,-3713433
50651088,-3869663
50650970,-3736726
50635742,-3614165
50635631,-3588989
50618057,-3554965
50591068,-3666747
50591060,-3607239
50588787,-3557999
50587566,-3537079
50581424,-3551710
50574604,-3570255
50565567,-3844754
50539245,-3790227
50538684,-3725286
50520896,-3714706
50506099,-3706202
50501239,-3704526
