50386001,-3824960
50440418,-3858967
50444824,-3854998
50450298,-3845563
50452438,-3833701
50461494,-3523773
50461578,-3810567
50463665,-3819679
50471462,-3536001
50471630,-3730341
50473312,-3773257
50474040,-3786351
50480937,-3823330
50485759,-3838910
50489452,-3850486
50490974,-3849768
50503395,-3639064
50504230,-3822408
50505546,-3838988
50520362,-3640541
50520462,-3770075
50520645,-3802810
50522502,-3825990
50525177,-3824132
50533519,-3550208
50533538,-3641280
50534198,-3828290
50537277,-3858059
50544967,-3494635
50544971,-3590696
50560443,-3676128
50561241,-3812154
50562412,-3833194
50588787,-3557999
50589065,-3698378
50589801,-3720359
50593833,-3808064
50606830,-3598615
50606853,-3753007
50611713,-3802347
50624492,-3602455
50625209,-3757068
50627651,-3819499
50632289,-3862818
50642436,-3877933
50663646,-3896141
50687629,-3895820
50701435,-3839093
50700637,-3828441
50689990,-3742839
50683147,-3726391
50670963,-3713433
50651088,-3869663
50650970,-3736726
50635742,-3614165
50635631,-3588989
50618057,-3554965
50591068,-3666747
50591060,-3607239
50588787,-3557999
50587566,-3537079
50571414,-3714507
50571319,-3588787
50568965,-3497159
50560600,-3480458
50560127,-3479911
50544559,-3623709
50544551,-3596201
50544483,-3497922
50544139,-3497164
50542976,-3497437
50537075,-3499212
50535079,-3503184
50525951,-3766330
50525894,-3612149
50525856,-3590871
50525497,-3535921
50524894,-3518789
50514625,-3752831
50514541,-3633639
50513938,-3519453
50506797,-3515599
50487724,-3638606
50487411,-3526115
50485771,-3517505
50466316,-3493957
50465270,-3492741
50460700,-3491484
50460029,-3493914
50454875,-3515460
50448738,-3775327
50444438,-3765898
50432132,-3770185
50403102,-3851328
50401214,-3808026
50395191,-3804913
50388881,-3801676
