50205287,-3719526
50241313,-3858290
50241619,-3858863
50255126,-3668208
50255352,-3838663
50255958,-3857598
50280475,-3898331
50308082,-3811232
50308948,-3892527
50312351,-3926090
50323028,-3934755
50360103,-3792798
50360355,-3776947
50357105,-3768264
50315860,-3833819
50314895,-3669836
50307991,-3659524
50296192,-3891458
50296188,-3811482
50295757,-3719205
50294353,-3653461
50293804,-3651589
50270175,-3750462
50270092,-3673235
50268001,-3655972
50267288,-3652327
50266132,-3652596
50254920,-3858974
50254753,-3657336
50250728,-3657435
50238639,-3839857
50237907,-3661029
50235469,-3659669
50226001,-3657601
