50303451,-3736910
50312847,-3760006
50319099,-3764549
50357627,-3682921
50358200,-3744123
50368331,-3806354
50373027,-3805197
50394756,-3676565
50395488,-3789700
50397750,-3794020
50404842,-3804744
50413272,-3798238
50419170,-3793211
50453296,-3719882
50454437,-3741561
50476726,-3722846
50495487,-3694596
50492183,-3677278
50467731,-3644932
50452335,-3632960
50414943,-3694817
50413776,-3616263
50407962,-3610055
50401912,-3608486
50368331,-3806354
50366645,-3661232
50362846,-3645633
50358394,-3637199
50333732,-3647127
50328399,-3655851
50306236,-3705006
