49959869,-5206726
49975452,-5230905
50011363,-5155948
50011638,-5243287
50015525,-5257371
50029403,-5099762
50029640,-5246204
50029674,-5248940
50033760,-5260072
50041526,-5270810
50055175,-5093055
50056373,-5223137
50058071,-5275189
50064842,-5279594
50078289,-5279576
50084201,-5270598
50109386,-5209281
50087314,-5133072
50085979,-5101750
50084735,-5093729
50080760,-5086474
50063343,-5223269
50063125,-5131984
50062915,-5077448
50055740,-5066697
50044960,-5075648
50029640,-5246204
50029403,-5099762
50028137,-5095939
50022186,-5095109
50017631,-5096631
50011898,-5110473
49985702,-5196403
49985660,-5184527
49963756,-5187767
49960147,-5202517
