49959869,-5206726
49975452,-5230905
50011363,-5155948
50011638,-5243287
50015525,-5257371
50029403,-5099762
50029640,-5246204
50029674,-5248940
50044803,-5082260
50044864,-5126938
50049140,-5152127
50049316,-5658274
50052330,-5681322
50062519,-5710726
50065853,-5713094
50071540,-5186653
50071655,-5623575
50072589,-5666841
50074813,-5700212
50076797,-5704532
50077373,-5705415
50086593,-5319070
50086708,-5535850
50086791,-5554914
50088195,-5664440
50097064,-5278230
50097129,-5551639
50097759,-5687744
50103969,-5279443
50104030,-5552275
50104198,-5688029
50115924,-5109632
50115951,-5531626
50115955,-5544235
50116714,-5640776
50117137,-5688016
50126781,-5321796
50126789,-5553164
50127258,-5676662
50128105,-5696125
50136505,-5350407
50137462,-5686222
50140304,-5688807
50148490,-5290218
50148719,-5655529
50148765,-5668820
50148956,-5670277
50152828,-5088212
50152866,-5310667
50153007,-5657677
50153369,-5669761
50154880,-5672902
50158596,-5089227
50158664,-5644101
50159004,-5657560
50161788,-5669328
50162483,-5650756
50167182,-5101882
50167251,-5321745
50167266,-5337770
50177024,-5051979
50177036,-5278760
50177509,-5309906
50177917,-5330626
50180538,-5339256
50220829,-5267726
50220832,-5290472
50221023,-5326338
50221149,-5344856
50221912,-5353602
50252811,-5270816
50253334,-5299700
50260734,-5297335
50262359,-5290389
50262817,-5288259
50272357,-5043925
50272361,-5066987
50272678,-5192114
50272899,-5202417
50277770,-5249183
50279876,-5040916
50278289,-5022392
50270515,-5009688
50261516,-5285840
50261478,-5050343
50261466,-5045883
50260417,-5020558
50255661,-5017086
50247806,-5022285
50244918,-5024670
50243656,-5026216
50232913,-5227365
50232849,-5218258
50232547,-5175631
50232337,-5166603
50228370,-5155062
50198116,-5095199
50197731,-5079352
50194942,-5066028
50190937,-5060054
50186561,-5055739
50162609,-5065105
50156593,-5662670
50156543,-5093324
50156520,-5071115
50152099,-5056582
50148635,-5045438
50145225,-5045095
50141616,-5674835
50141567,-5126242
50141529,-5086195
50141345,-5079885
50140022,-5078959
50125823,-5550643
50125663,-5282732
50125434,-5096708
50121654,-5680360
50121643,-5343912
50121616,-5188175
50121467,-5092473
50118816,-5093646
50109668,-5332263
50109596,-5263628
50109386,-5209281
50108421,-5132366
50107051,-5095601
50105327,-5093741
50105033,-5095653
50100429,-5129187
50095066,-5556158
50094997,-5277026
50094142,-5141152
50094104,-5136186
50093818,-5129735
50089633,-5101329
50080760,-5086474
50076721,-5689455
50076072,-5166377
50075408,-5116472
50073009,-5083831
50064376,-5567358
50064182,-5217288
50064144,-5168092
50062915,-5077448
50054206,-5070706
50050735,-5072273
50044960,-5075648
50029640,-5246204
50029403,-5099762
50028137,-5095939
50022186,-5095109
50017631,-5096631
50011898,-5110473
49985702,-5196403
49985660,-5184527
49963756,-5187767
49960147,-5202517
