49895172,-6340872
49953605,-6352646
49961017,-6333996
50098457,-5613809
50098793,-5632202
50102672,-5634954
50123394,-5421374
50123508,-5568915
50123664,-5596187
50125152,-5649407
50129131,-5659550
50136821,-5645719
50142112,-5013877
50142196,-5403796
50142864,-5558919
50143398,-5582423
50145538,-5620453
50153789,-5618641
50159004,-5014549
50159019,-5352416
50159221,-5465175
50159503,-5609004
50161132,-5639587
50164108,-5618118
50169002,-5013288
50169048,-5475579
50170326,-5530523
50172599,-5612639
50178825,-4975733
50178874,-5421095
50178928,-5470777
50179241,-5527820
50183704,-4989963
50183769,-5419259
50183979,-5527602
50184230,-5593915
50193740,-5571647
50201229,-5013594
50201499,-5475247
50201530,-5488410
50203910,-5530425
50209823,-5512876
50213603,-5496736
50216724,-5478738
50222358,-4918839
50222389,-5393544
50223804,-5392466
50229694,-4943043
50230411,-5388041
50233066,-5376883
50236545,-5361447
50284152,-4940787
50284866,-4982472
50288459,-5008757
50317302,-4930766
50317390,-4960021
50323722,-4994798
50328826,-5012348
50346893,-4978079
50352882,-4947495
50354839,-4928804
50342830,-4904816
50315143,-4871405
50285785,-4849069
50263477,-5000768
50262500,-4922248
50260414,-4884665
50256263,-4867020
50235683,-4867888
50220264,-5386384
50220226,-4890528
50219795,-4890502
50218822,-4891565
50218441,-4892158
50211845,-5484607
50206527,-5361102
50205879,-4965754
50205120,-4952042
50197780,-5348434
50197551,-5025008
50197139,-4973958
50196731,-4967780
50192298,-5465609
50192283,-5404734
50191226,-4981044
50190525,-4972019
50184997,-5406919
50184925,-5346834
50184204,-5005012
50183704,-4989963
50181610,-4975458
50178730,-4973317
50159389,-5350748
50159355,-5015957
50158962,-5005486
50158191,-4986590
50156597,-5023359
50152355,-5577085
50152339,-5482277
50151725,-4996100
50149616,-5003990
50144763,-5494298
50144554,-5381195
50130134,-5373725
50126995,-5373113
50115249,-5574233
50115150,-5444850
50115077,-5411141
50114246,-5381184
49966030,-6295373
49960952,-6283023
49921901,-6282720
49912475,-6299580
49912273,-6300022
