50336303,-4998344
50404140,-5026949
50405067,-5105829
50405857,-5112299
50421745,-4943041
50422191,-5024903
50425758,-5037885
50430679,-5047442
50470088,-5032162
50471652,-5031219
50473220,-5028415
50473323,-5027590
50471115,-4972930
50463413,-4968149
50430679,-5047442
50430431,-4965113
50425457,-4946440
50421745,-4943041
50417465,-4941888
50409095,-4943791
50391555,-5077830
50391513,-5015238
50390048,-4976774
50377326,-4940261
50375255,-4935984
50368625,-4932438
50361286,-4932829
50349689,-4960962
