54434955,-1292968
54464641,-1318220
54464893,-1390635
54473434,-1424718
54502773,-1351203
54505298,-1396103
54509525,-852623
54509544,-1353274
54509990,-1357528
54522823,-1408838
54529613,-1071707
54529651,-1343932
54529983,-1357695
54530265,-1362898
54536365,-955252
54536369,-1293274
54536445,-1342370
54536521,-1343435
54536701,-1344901
54551273,-852875
54551334,-1295734
54551464,-1329559
54551792,-1350008
54552082,-1351878
54553676,-1359966
54553852,-1360366
54565498,-1369262
54568241,-1371076
54571281,-1371524
54578601,-1045159
54578613,-1332487
54579055,-1363050
54581474,-1362904
54585704,-1362591
54589782,-1358472
54594074,-1341241
54601676,-1047003
54601696,-1079462
54602062,-1100989
54603729,-1106370
54638866,-1140740
54617607,-1059159
54616405,-1055006
54587383,-991984
54586021,-970121
54582973,-946030
54577045,-1328490
54576995,-980344
54575981,-948825
54573791,-921685
54567283,-1359709
54567279,-977276
54567268,-922152
54567131,-900811
54566951,-890020
54565509,-850000
54559780,-1317253
54559719,-899108
54559379,-791950
54559268,-791644
54558349,-789382
54549037,-770889
54544910,-1325787
54544910,-1283741
54544883,-1043117
54544670,-770881
54540378,-1296881
54540370,-1049699
54540287,-777118
54540203,-775359
54533939,-1296157
54533931,-1010208
54533912,-849606
54533683,-757178
54533248,-750778
54524787,-1052054
54524692,-993560
54522960,-801569
54520568,-766475
54516819,-1351243
54516777,-1310571
54516372,-937411
54516033,-779172
54514175,-745890
54508960,-1298532
54508842,-942672
54507167,-758616
54505058,-746882
54500083,-1332253
54499851,-1044695
54497394,-936622
54457561,-1431882
54457408,-1275813
54457382,-1255144
54457069,-1255416
54446895,-1265728
54439727,-1281306
