54538650,-1416290
54538688,-1417248
54594631,-1289538
54594680,-1333725
54596138,-1502869
54598526,-1514521
54608531,-1289932
54609169,-1364686
54611183,-1463017
54612091,-1483290
54615066,-1492450
54626613,-1288285
54626659,-1332955
54627586,-1400040
54629226,-1471068
54629554,-1481969
54632762,-1493051
54637130,-1497180
54645877,-1201030
54646148,-1475017
54648460,-1510027
54656810,-1246991
54656860,-1446560
54656867,-1448203
54656948,-1453673
54663509,-1468762
54673988,-1235912
54673999,-1280836
54694034,-1326452
54694629,-1428421
54698127,-1448559
54703620,-1446140
54714416,-1243922
54714496,-1403213
54714828,-1423853
54715099,-1426317
54716094,-1431473
54719913,-1435176
54729866,-1433718
54734710,-1429970
54750137,-1291373
54750324,-1293078
54754428,-1299859
54755081,-1299320
54751468,-1290292
54742061,-1272221
54733085,-1259228
54717830,-1412557
54717803,-1366372
54717601,-1249218
54704177,-1196330
54703643,-1194416
54700561,-1183445
54700122,-1182367
54696357,-1177555
54695568,-1177199
54695137,-1177347
54667716,-1452273
54667697,-1230804
54667591,-1197487
54667507,-1191410
54667442,-1190047
54637935,-1293215
54637447,-1233281
54636566,-1191807
54635478,-1181092
54616458,-1401752
54616424,-1288742
54616302,-1170777
54609626,-1168110
54586727,-1306590
54586414,-1246959
54586280,-1224199
54584983,-1208781
54577590,-1221317
54563999,-1374575
54550773,-1357616
54539764,-1378886
