51379760,-461071
51383098,-466736
51390640,-478572
51413314,-366373
51413318,-423059
51413341,-509311
51413448,-511449
51413974,-513977
51415985,-516472
51429668,-354396
51429687,-454935
51429702,-504851
51429744,-514991
51430503,-523914
51431182,-527776
51433082,-535886
51448585,-323725
51448596,-431875
51448734,-479764
51449234,-563058
51451904,-571321
51454193,-572848
51455745,-573505
51459869,-571476
51471012,-562878
51466316,-278301
51465751,-277142
51445167,-404220
51445152,-302769
51444301,-294124
51441753,-289758
51439929,-286862
51427562,-479000
51427562,-391987
51427536,-356962
51427509,-340435
51427429,-326614
51426757,-315562
51426410,-313101
51424777,-309148
51423393,-308595
51420917,-307780
51419517,-307976
51417984,-308780
51384639,-435054
