53229679,-2391148
53236007,-2410203
53275009,-2445863
53287727,-2471871
53329502,-2417257
53330226,-2447520
53334571,-2476878
53347812,-2505837
53348896,-2506525
53356781,-2497780
53359134,-2488947
53362327,-2452409
53361598,-2428298
53340091,-2338348
53339370,-2308529
53338806,-2289348
53318943,-2273420
53317371,-2272780
53312305,-2271636
53304908,-2275191
53301456,-2279460
53290138,-2470832
53289653,-2339127
53288135,-2297719
53284053,-2295066
53282478,-2294785
53277133,-2293833
53255268,-2302722
53248622,-2313570
53232471,-2361751
