53229679,-2391148
53236007,-2410203
53275009,-2445863
53287727,-2471871
53329502,-2417257
53330226,-2447520
53334571,-2476878
53348037,-2310965
53348041,-2454962
53348896,-2506525
53360908,-2311660
53360984,-2392486
53361152,-2502840
53363983,-2503865
53377880,-2315166
53377887,-2466268
53377891,-2487554
53379611,-2599673
53383712,-2604676
53389633,-2607242
53392322,-2602679
53400646,-2322117
53400669,-2555044
53400718,-2569859
53434749,-2775598
53435237,-2777865
53455501,-2807376
53487903,-2819566
53500209,-2816894
53512504,-2812938
53525653,-2791920
53528175,-2787230
53516307,-2732099
53489475,-2714922
53480907,-2627185
53479915,-2228059
53475746,-2756397
53475723,-2725073
53475368,-2653951
53474807,-2648143
53474189,-2642436
53473915,-2640219
53467014,-2615787
53462730,-2601250
53458072,-2599829
53443199,-2760019
53443122,-2631084
53442253,-2614434
53410774,-2421422
53410362,-2374737
53408863,-2327851
53408557,-2325155
53407516,-2320830
53398357,-2307286
53397632,-2306258
53396789,-2305410
53391578,-2300847
53379356,-2478731
53379337,-2324797
53379325,-2314801
53375942,-2295866
53371101,-2279526
53358394,-2490427
53357719,-2382404
53356491,-2306159
53356094,-2284521
53339092,-2486495
53323940,-2281934
53318943,-2273420
53317371,-2272780
53312305,-2271636
53304908,-2275191
53301456,-2279460
53290138,-2470832
53289653,-2339127
53288135,-2297719
53284053,-2295066
53282478,-2294785
53277133,-2293833
53255268,-2302722
53248622,-2313570
53232471,-2361751
