53644691,-1664905
53649745,-1693156
53662952,-1712309
53666221,-1714815
53677349,-1495427
53677375,-1671867
53677410,-1695619
53677429,-1696285
53678443,-1710811
53679470,-1715058
53679870,-1716675
53683116,-1728888
53686870,-1735707
53697845,-1516797
53697879,-1700364
53697944,-1705452
53698352,-1717369
53698505,-1720852
53699222,-1723892
53700054,-1727218
53702442,-1730081
53713001,-1736983
53715641,-1735512
53716106,-1734691
53716579,-1732476
53718555,-1716477
53723705,-1242144
53723705,-1348202
53723758,-1651335
53723766,-1653548
53724216,-1660318
53730789,-1671406
53734497,-1676577
53735401,-1677571
53735534,-1677418
53757324,-1384310
53757938,-1386592
53760276,-1331086
53741355,-1281733
53738445,-1192622
53737861,-1185932
53732326,-1655190
53732318,-1338230
53732192,-1302277
53731163,-1272599
53728511,-1247833
53715415,-1498822
53715366,-1332800
53715293,-1309314
53714855,-1270593
53712383,-1234363
53708953,-1208245
53708400,-1206620
53707206,-1208445
53702224,-1658829
53702091,-1259998
53702003,-1230583
53693153,-1477657
53693103,-1307981
53691574,-1217386
53687404,-1213526
53684902,-1213073
53681594,-1214694
53676952,-1688886
53676914,-1467867
53676101,-1462049
53675643,-1459769
53671390,-1449742
53657489,-1616475
53657077,-1462533
53647171,-1654266
53645496,-1660179
