53607715,-1469160
53611026,-1573107
53623802,-1673946
53626255,-1676769
53628028,-1677648
53636745,-1677748
53642745,-1675660
53652400,-1422786
53652408,-1520433
53652984,-1599525
53657291,-1604735
53658046,-1605075
53666172,-1568919
53679401,-1500928
53678543,-1424049
53672737,-1403769
53659782,-1361319
53658409,-1356912
53653656,-1347224
53644569,-1614913
53644546,-1530642
53642787,-1396734
53628875,-1598347
53628768,-1413643
53627910,-1399788
53627452,-1398601
53625923,-1397882
53623332,-1401230
53616699,-1410227
53612224,-1425315
53608089,-1458031
