52014270,-1956008
52017963,-1977571
52030391,-2002053
52037387,-2010887
52043346,-2008016
52045181,-2006282
52064060,-1858212
52091060,-1933660
52091087,-1950941
52091236,-1963056
52091800,-1989050
52123844,-1881335
52123897,-1944230
52125564,-1984719
52138835,-1990558
52165019,-1902132
52165607,-1917994
52176288,-1983108
52182788,-1985592
52172195,-1924635
52169605,-1911802
52159709,-1883432
52104099,-1941101
52103935,-1833193
52093639,-1814373
52077232,-1951963
52077213,-1917572
52076274,-1892025
52074497,-1844347
52073371,-1824188
52073123,-1822249
52064060,-1858212
52045631,-2002403
52044979,-1963589
