51998905,-2344375
52037986,-2287805
52038681,-2312608
52041088,-2339771
52056579,-2374572
52074878,-2395152
52081390,-2397092
52106212,-2282054
52106506,-2373895
52107852,-2411592
52114330,-2434039
52125888,-2432529
52140060,-2429014
52164451,-2321604
52165363,-2357312
52168228,-2346427
52168445,-2330492
52154788,-2296745
52151077,-2288228
52144126,-2277866
52122463,-2388109
52122264,-2299405
52119693,-2243538
52112010,-2246869
52107162,-2260391
52086437,-2385986
52086345,-2351864
52086189,-2341195
52083396,-2310250
52083290,-2309213
52078029,-2299066
52069946,-2289397
52063533,-2282397
52004104,-2321224
