51998905,-2344375
52021175,-1977045
52021274,-2295523
52026699,-1822142
52026710,-2303255
52029659,-2323156
52031433,-2325589
52037971,-1868208
52037986,-2287805
52038681,-2312608
52041088,-2339771
52044979,-2342878
52057201,-1956447
52057327,-2301391
52058662,-2376106
52073883,-1912734
52074096,-2343758
52074310,-2366389
52074878,-2395152
52081405,-1937249
52081405,-2358902
52081668,-2372987
52086437,-2385986
52094219,-1943990
52094242,-2313128
52094333,-2325798
52094825,-2359565
52095390,-2383275
52096828,-2397462
52107860,-2083882
52107864,-2308843
52107959,-2383763
52114330,-2434039
52120849,-2075844
52120876,-2327394
52120895,-2397472
52121025,-2401621
52121341,-2411147
52140148,-1921737
52140258,-2341418
52142475,-2400032
52148265,-1904726
52148361,-2355641
52148880,-2379204
52151630,-2373470
52160034,-2018929
52160495,-2334483
52161842,-2347182
52165363,-2357312
52168228,-2346427
52182788,-1985592
52195201,-2231822
52206542,-2235248
52251007,-2577124
52256088,-2614855
52270355,-2624783
52283466,-2630964
52301227,-2502780
52301258,-2599921
52302421,-2625511
52327613,-2483711
52327758,-2569818
52329689,-2599308
52333183,-2603700
52339862,-2550482
52318008,-2461498
52317981,-2438113
52311637,-2444827
52295783,-2603806
52294776,-2518177
52284240,-2484030
52251007,-2577124
52250961,-2529560
52248771,-2504164
52178096,-1982434
52172195,-1924635
52169605,-1911802
52159709,-1883432
52143421,-2390834
52143398,-1925809
52142444,-1872007
52142211,-1871451
52137706,-1870237
52132083,-2329624
52132038,-2123474
52132007,-2072458
52131839,-1933643
52130760,-1905495
52121589,-2309902
52121513,-2063255
52121223,-1884979
52120719,-1838958
52118385,-1835243
52113754,-2324290
52113750,-2084287
52113723,-1904552
52113689,-1888021
52113361,-1856230
52107608,-2295554
52107601,-2082567
52107368,-1920904
52106700,-1850558
52106067,-1816308
52101707,-2318524
52101634,-2005808
52101432,-1858108
52101383,-1834604
52101238,-1833700
52093639,-1814373
52079116,-2358870
52079021,-1935443
52077735,-1831248
52077472,-1824683
52067310,-2086256
52066795,-1954556
52066158,-1899547
52064060,-1858212
52058536,-2306971
52058338,-1850121
52057823,-1840832
52056945,-1831370
52047885,-1819957
52026489,-2322493
52026477,-1976735
52026203,-1859979
52025348,-1826504
52014465,-2312833
52014270,-1956008
52014022,-1911219
52009010,-1858474
52006523,-1842062
