52120632,-2504192
52133083,-2508423
52141792,-2502093
52159591,-2367104
52160106,-2406417
52161281,-2444875
52162460,-2454389
52164348,-2467859
52178016,-2487160
52208404,-2413809
52208412,-2434356
52213645,-2448530
52237205,-2330022
52237384,-2357788
52239822,-2432393
52247470,-2460135
52262054,-2277548
52264511,-2463844
52273288,-2491723
52290977,-2360668
52291439,-2437278
52305103,-2456348
52327037,-2422854
52329105,-2407422
52329174,-2403637
52324672,-2361427
52298831,-2301505
52296257,-2295616
52273124,-2439459
52272994,-2386375
52269794,-2254457
52261531,-2250996
52253959,-2250294
52235767,-2375596
52235721,-2342209
52232601,-2336313
52225578,-2325047
52175693,-2369108
52172744,-2290035
52166606,-2277786
52162059,-2308634
52147480,-2484298
52147415,-2443612
52146419,-2418437
52131290,-2456132
52120937,-2488480
