52030517,-2225065
52042587,-2263151
52048007,-2270240
52051929,-2273633
52074542,-2155151
52075191,-2234468
52075347,-2249993
52076896,-2277098
52078495,-2289452
52092399,-2121102
52092594,-2206783
52093055,-2271636
52095844,-2271099
52109088,-2245875
52196670,-2216950
52106693,-2249395
52106327,-2129389
52105926,-2126672
52105827,-2126365
52102176,-2116705
52088001,-2115472
52085346,-2118937
52070842,-2272027
52069614,-2235606
52068180,-2204598
52066226,-2168659
52063541,-2130345
52053932,-2125694
52045566,-2140237
52030548,-2208507
