52695671,-1917466
52696445,-1935990
52743583,-1867501
52743644,-1916679
52743709,-1918620
52743995,-1927152
52745906,-1964079
52750419,-1992565
52803108,-1853927
52805843,-1924942
52808494,-1942175
52830722,-1964751
52833267,-1961009
52841281,-1903058
52843505,-1847169
52823417,-1822813
52802761,-1932038
52801971,-1837955
52788532,-1825402
52781810,-1820862
52766685,-1825504
52759132,-1828305
52740398,-1965298
52740379,-1870591
52740291,-1865008
52740142,-1861987
52739944,-1860462
52739463,-1857471
52735054,-1854613
52731269,-1853544
52714542,-1863266
