52542690,-2022958
52545215,-2035465
52547054,-2039433
52553298,-2048391
52560604,-2055922
52562500,-2056573
52563697,-2055719
52569976,-2050607
52573390,-2047498
52574569,-2045876
52576019,-2043797
52580291,-2033855
52610565,-1837406
52613483,-1865279
52614704,-1871759
52644802,-1902176
52667388,-1980127
52667411,-2043179
52681865,-1822853
52681987,-2046344
52682041,-2069316
52685668,-2089248
52697757,-1897500
52697834,-2022227
52698474,-2031934
52699882,-2037204
52703018,-2040625
52713344,-1772708
52713363,-2007225
52713375,-2040427
52713443,-2040916
52715995,-2044426
52725196,-2040290
52740238,-1881924
52740360,-2001068
52742416,-2008978
52792308,-1878579
52793174,-1938088
52826068,-1844203
52826148,-1944601
52826232,-1946649
52830722,-1964751
52833267,-1961009
52841281,-1903058
52843505,-1847169
52823417,-1822813
52802761,-1932038
52801971,-1837955
52788532,-1825402
52781810,-1820862
52766685,-1825504
52759132,-1828305
52740398,-1965298
52740379,-1870591
52740291,-1865008
52740142,-1861987
52725418,-2015533
52725376,-1848278
52720932,-1710384
52717601,-1701449
52708839,-2000460
52708812,-1929785
52708671,-1777853
52707130,-1750096
52695678,-1996568
52695671,-1917466
52695621,-1824825
52695579,-1819025
52694492,-1767509
52692840,-1756273
52685676,-2077089
52685672,-2019410
52685611,-1833785
52685192,-1761582
52683486,-1724906
52675384,-2031296
52675357,-1842594
52675354,-1825764
52675098,-1762820
52674835,-1757142
52673667,-1732480
52662712,-1733937
52646697,-1889166
52646564,-1834953
52645969,-1823279
52577770,-1980890
52577705,-1966680
52576847,-1961943
52576595,-1961102
52574573,-1962019
52572864,-1962862
52569900,-1964635
52552330,-1975960
52550251,-1983689
52543399,-2017533
