52426048,-2577584
52443496,-2380171
52444274,-2587342
52453151,-2585532
52464580,-2347279
52464641,-2549387
52486724,-2600484
52494617,-2308012
52494739,-2486263
52495407,-2581557
52496791,-2601432
52542243,-2080183
52542285,-2428651
52542446,-2546068
52556724,-2388599
52557128,-2515851
52558998,-2528911
52562431,-2523096
52569904,-2092745
52569942,-2396668
52571887,-2464617
52572811,-2481301
52577182,-2473411
52578361,-2466929
52593643,-2033821
52593647,-2102612
52593692,-2136315
52612499,-2144983
52616184,-2144331
52653480,-2080387
52653644,-2120078
52654918,-2122861
52669429,-2132277
52684528,-2125296
52679496,-2084325
52674560,-2069895
52667583,-2055231
52644382,-2030032
52616165,-2123106
52616058,-2050557
52615982,-2038476
52615814,-2027989
52615688,-2026483
52561458,-2088552
52561428,-2065968
52561141,-2060791
52560970,-2059669
52559303,-2052483
52556606,-2048483
52552806,-2049054
52551628,-2049628
52549213,-2056025
52543056,-2416407
52543048,-2095652
52542858,-2074581
52541458,-2074166
52540306,-2074665
52536518,-2077091
52534946,-2099114
52528175,-2443844
52528068,-2381905
52524707,-2340045
52499080,-2437525
52498516,-2338650
52496532,-2297377
52494701,-2289455
52455741,-2350653
52455390,-2342395
52449504,-2305784
52446701,-2304294
52442386,-2310811
