54202701,-600651
54225761,-627084
54254074,-635002
54276271,-629845
54308868,-424223
54309249,-498450
54309726,-567542
54314529,-595338
54321258,-626029
54338935,-448593
54340114,-526984
54397682,-484933
54397865,-495078
54398616,-499256
54408340,-526142
54413940,-523151
54402313,-490632
54398323,-484339
54378398,-463749
54362621,-449670
54344528,-572829
54344497,-493167
54343746,-446119
54308868,-424223
54301712,-436637
54263515,-517172
54256557,-471950
54254970,-465700
54233840,-622183
54233306,-554417
54232681,-540524
54228626,-477708
54211578,-494450
