54024227,-729261
54029178,-825383
54039451,-836501
54041210,-836090
54060337,-706781
54060821,-805805
54068511,-812705
54091655,-660201
54091728,-805774
54098865,-823858
54123462,-723074
54123970,-785716
54124179,-798843
54125507,-818590
54128379,-857990
54133712,-873624
54150657,-656489
54150775,-839016
54151168,-854087
54152229,-872769
54157608,-897078
54159252,-897434
54159465,-897229
54162471,-892110
54171958,-606592
54172039,-784282
54172962,-873278
54193183,-758188
54193355,-872892
54195812,-887494
54207935,-877663
54226135,-853807
54212692,-759672
54206523,-632966
54206031,-627708
54181571,-530080
54179309,-525028
54157680,-690336
54157653,-606199
54151981,-518818
54143386,-793434
54143138,-724077
54141208,-626132
54134517,-524829
54129714,-486081
54115230,-698605
54113681,-560357
54108119,-525673
54098663,-793356
54098518,-712554
54095458,-617705
54095310,-616242
54079814,-760703
54076873,-690084
54069866,-677330
