53820217,-1046667
53828693,-1077439
53838268,-1103232
53844570,-1116183
53895122,-973091
53895221,-991197
53896610,-1062826
53901260,-1090057
53901882,-1092813
53923343,-1080471
53928478,-1076230
53931884,-1069362
53950248,-972377
54003257,-972796
53999111,-963287
53966762,-964014
53958915,-964893
53954174,-965530
53911743,-1046335
53908130,-978645
53908039,-977005
53904319,-946366
53883907,-1074977
53882846,-947331
53875907,-940174
53861831,-1100963
53861679,-1015871
53860721,-970390
53854629,-956386
53838466,-1100491
53838172,-1056457
53830749,-1030535
53825046,-1034314
