53820217,-1046667
53828693,-1077439
53838268,-1103232
53844570,-1116183
53895122,-973091
53895221,-991197
53896610,-1062826
53901260,-1090057
53901882,-1092813
53953227,-1037846
53953243,-1070487
53953319,-1074965
53953857,-1085164
53955692,-1089756
53956256,-1090872
53960430,-1092336
54003257,-972796
54023509,-247536
54028713,-245622
54035549,-798772
54036979,-831973
54039451,-836501
54041210,-836090
54060337,-706781
54060821,-805805
54068511,-812705
54072883,-250455
54073135,-755415
54073570,-791700
54076080,-803747
54078697,-789686
54082698,-221010
54082733,-680254
54083328,-795070
54090202,-210969
54090339,-814376
54098865,-823858
54104164,-198586
54104206,-711813
54105010,-767109
54112834,-221281
54113079,-575508
54114391,-727178
54117511,-803503
54133712,-873624
54142307,-842667
54146160,-210590
54146205,-779696
54146621,-822353
54147891,-841271
54148483,-849338
54150623,-869551
54157608,-897078
54159252,-897434
54159465,-897229
54162471,-892110
54171958,-606592
54172039,-784282
54172962,-873278
54179550,-461690
54181186,-886109
54192661,-284977
54192813,-872447
54195812,-887494
54200969,-399601
54201068,-806487
54201488,-854197
54206470,-287150
54206523,-632966
54206768,-792140
54207935,-877663
54211204,-855416
54215644,-293948
54215675,-653199
54216197,-790600
54221939,-331315
54221996,-770468
54226135,-853807
54236236,-406124
54236331,-716816
54236469,-759850
54237209,-778823
54237426,-783450
54240150,-837905
54257362,-384661
54257389,-770996
54257488,-799409
54257961,-803708
54264270,-417019
54264286,-826954
54266864,-837261
54277256,-624805
54277603,-759598
54280254,-842767
54285614,-436602
54285717,-737033
54288978,-835933
54290699,-840923
54298149,-452477
54298301,-710232
54300201,-814471
54307399,-454497
54308059,-765476
54311653,-821105
54316333,-836328
54325489,-447284
54325626,-790261
54329151,-852359
54349750,-533840
54352508,-877096
54352649,-885447
54371456,-477817
54372077,-897960
54374301,-477588
54381958,-492395
54408340,-526142
54413940,-523151
54402313,-490632
54398323,-484339
54378398,-463749
54362316,-898006
54361179,-467562
54357498,-451540
54352649,-885447
54349887,-516172
54348640,-476599
54344749,-441574
54287376,-409942
54287368,-392935
54285900,-390135
54284339,-387492
54263622,-546785
54263565,-418505
54263385,-397538
54263076,-389120
54258571,-381635
54236522,-707634
54236484,-356245
54233768,-337036
54229717,-321137
54216144,-291028
54211620,-283164
54205253,-665589
54205245,-288212
54205215,-286818
54188217,-708087
54187713,-385461
54187324,-287634
54169078,-657792
54168933,-313304
54168388,-266252
54165615,-254510
54159530,-691748
54159397,-268403
54155891,-239787
54143386,-793434
54143138,-724077
54138107,-775035
54137874,-190495
54136013,-149474
54132225,-781943
54132190,-177136
54131549,-111336
54128013,-777536
54127826,-116583
54127544,-103770
54124893,-105162
54119499,-765363
54119422,-125303
54118064,-87158
54116603,-83292
54112731,-818219
54112499,-128186
54112415,-124457
54111652,-121217
54091728,-805774
54091712,-203988
54091709,-193605
54091575,-186394
54091423,-182363
54091220,-179696
54090858,-179345
54081268,-187745
54075572,-746720
54075485,-205484
54075405,-202032
54074104,-202287
54072929,-203011
54071128,-205243
54070404,-206297
54044731,-805839
54043895,-696619
54038627,-714208
54038436,-240433
54035549,-798772
54023509,-247536
54003257,-972796
53999111,-963287
53966762,-964014
53958915,-964893
53954174,-965530
53911743,-1046335
53908130,-978645
53908039,-977005
53904319,-946366
53883907,-1074977
53882846,-947331
53875907,-940174
53861831,-1100963
53861679,-1015871
53860721,-970390
53854629,-956386
53838466,-1100491
53838172,-1056457
53830749,-1030535
53825046,-1034314
