54419483,-831483
54420734,-940039
54428009,-1001541
54440437,-808867
54441638,-923494
54443866,-985704
54453441,-748566
54453571,-877078
54456733,-960197
54465747,-682647
54465892,-896490
54466850,-947242
54474796,-663376
54475189,-969013
54475364,-1081237
54482570,-663769
54483100,-1045841
54483158,-1048911
54491508,-634236
54491683,-1072797
54495887,-657715
54496868,-720743
54499210,-784892
54502216,-814319
54519763,-711102
54528881,-717471
54493335,-755268
54492980,-636395
54492671,-632932
54490776,-615040
54486366,-613599
54471145,-804303
54471061,-629594
54469745,-628357
54430759,-990637
54426750,-837487
