53895702,-456200
53943611,-549246
53943645,-622134
53955932,-435746
53955989,-532982
53956047,-572224
53956176,-575344
53984981,-341107
53985618,-536806
53988063,-624573
54006977,-694721
54016716,-388397
54016784,-576815
54016868,-587660
54018440,-667011
54022247,-704757
54034206,-481398
54034492,-635636
54035202,-696539
54043441,-295190
54044155,-612230
54045467,-633522
54048324,-643981
54053657,-625540
54092227,-323650
54092483,-487681
54096939,-578079
54110382,-316018
54113967,-421221
54115875,-454700
54142135,-331601
54142604,-452301
54144226,-453961
54167366,-414180
54169082,-400572
54158672,-352160
54142135,-331601
54119140,-311345
54095985,-511654
54095859,-329483
54093887,-290935
54070476,-571067
54070407,-473904
54068016,-279512
54067684,-278120
54065891,-276495
54062717,-276522
54041854,-454531
54041446,-352757
54040378,-331342
54036384,-295204
54026679,-570096
54025352,-336722
54023571,-294142
54017127,-215811
54006431,-430895
54006431,-359740
54006378,-318877
54006008,-254344
53996742,-212793
53995506,-208985
53987430,-488530
53987289,-322209
53986488,-278375
53983509,-225621
53978256,-207606
53974403,-230400
53966743,-531110
53966606,-436095
53965656,-273532
53962886,-221086
53960418,-204409
53941333,-183471
53939311,-187170
53921974,-368322
53921768,-272039
53911231,-595981
53911231,-304020
53911113,-299579
53910205,-291011
53905162,-283822
53903896,-283264
53902652,-284397
