53839031,-927230
53839630,-931014
53850074,-934122
53869415,-795871
53870689,-929386
53871047,-930365
53871265,-930861
53872093,-931905
53873764,-932760
53889167,-918390
53896518,-908089
53908462,-702132
53909492,-851943
53918354,-861065
53930126,-853281
53941452,-840387
53974056,-764697
53974746,-783953
53978969,-806164
54000530,-772136
54004203,-737286
54003128,-683200
53999851,-648764
53983551,-788053
53946823,-739949
53944194,-670461
53939491,-637856
53925628,-801051
53925567,-780215
53925518,-777780
53922374,-693443
53916698,-679620
53901157,-870573
53900962,-754282
53900623,-753135
53892829,-737374
53884559,-722835
53865070,-901579
53864997,-819220
53864006,-768625
53859306,-736954
53849506,-745393
53843917,-821804
53840671,-884558
