53787612,-750644
53794212,-775861
53802410,-794497
53814342,-560179
53814380,-672825
53815338,-743304
53816490,-804134
53826808,-811421
53835571,-807313
53838275,-798437
53841197,-788748
53855869,-592817
53857368,-665004
53857475,-666414
53864528,-715568
53880855,-718566
53895011,-709307
53916103,-645241
53887226,-591566
53883167,-587854
53875328,-581045
53854217,-723819
53852638,-591466
53844955,-571964
53830337,-765373
53830066,-704846
53810436,-616301
53809253,-582700
53804401,-592688
53793445,-645128
