54045349,-1115401
54059291,-1094339
54062030,-1284219
54066158,-1289374
54089725,-1195130
54089969,-1231528
54112804,-1306565
54118549,-1355121
54124794,-1393124
54148128,-1294493
54148174,-1379784
54150894,-1356777
54164085,-1151692
54165866,-1206964
54167388,-1246790
54176635,-1256840
54206302,-1151334
54206981,-1193263
54208419,-1213508
54232601,-1328737
54147972,-1158308
54147865,-1069226
54135940,-1330178
54135787,-1067002
54133731,-1040020
54123825,-1330297
54123805,-1193812
54123645,-1141027
54121044,-1038278
54115566,-1034397
54096370,-1193121
54092666,-1090706
54089805,-1057745
54082931,-1055760
54078033,-1057003
54065090,-1251315
54064968,-1191988
54064632,-1111197
54062923,-1089308
54054191,-1074804
