54146213,-1007428
54150844,-1043099
54152889,-1057417
54158142,-1075474
54196399,-1109706
54200084,-1134506
54216152,-960957
54220893,-1085852
54224655,-1114191
54239830,-873636
54240703,-1004042
54242671,-1053498
54247154,-1099007
54252456,-1124063
54261734,-858162
54261962,-989283
54263690,-1124485
54265777,-1157240
54270168,-1167450
54289287,-1023748
54290084,-1178801
54300407,-952383
54300495,-1129467
54301139,-1167072
54306846,-1185552
54312671,-1192370
54362216,-1053600
54380760,-993850
54388385,-956196
54327583,-1139275
54327362,-960648
54324623,-925091
54311824,-1157818
54309982,-946361
54264724,-1002925
54264591,-930768
54264091,-857667
54254814,-848852
54225837,-931770
54222476,-873679
54213047,-1115022
54211757,-901296
54208061,-893540
54189754,-1055979
54189723,-940976
54188369,-927984
54185256,-910886
54179725,-910143
54166851,-1080120
54166831,-963694
54165752,-933485
54165596,-931345
54164825,-929604
54164108,-929714
54162052,-934041
54146827,-966108
