54129669,-1402678
54148101,-1441591
54166542,-1290889
54166557,-1355860
54169429,-1433890
54170524,-1435852
54183216,-1236649
54183242,-1411254
54186660,-1441869
54187137,-1444436
54213371,-1355592
54215293,-1476016
54220455,-1485674
54241767,-1502671
54254119,-1184735
54254245,-1402737
54256286,-1472719
54268543,-1196365
54268688,-1328873
54269218,-1418997
54269809,-1450850
54271724,-1465489
54283615,-1475149
54286010,-1465089
54302177,-1286437
54303218,-1355788
54312393,-1347283
54335937,-1312537
54331718,-1287449
54317886,-1265936
54274349,-1348806
54273654,-1284765
54272800,-1247818
54268543,-1196365
54257946,-1424604
54257781,-1298641
54257686,-1274573
54254119,-1184735
54247596,-1141877
54230514,-1330044
54202388,-1456189
54202182,-1404914
54201404,-1268537
54194103,-1231392
54188041,-1211750
54157855,-1436131
54156753,-1267977
54151409,-1270368
54135112,-1407758
54135093,-1398223
