53713417,-1076069
53732212,-1145202
53734157,-1149485
53751983,-1023614
53752342,-1098358
53755481,-1174474
53767642,-975414
53767658,-1127280
53767780,-1167421
53768070,-1171709
53771011,-1188887
53783287,-993929
53783378,-1114995
53790885,-1142874
53820007,-922065
53820400,-1122099
53822574,-1147119
53822776,-1148801
53831089,-859361
53831226,-1134058
53838420,-1148241
53852073,-995868
53831497,-1126976
53831089,-859361
53829483,-855035
53823417,-848919
53811481,-1032878
53778121,-995479
53778064,-947891
53776737,-924888
53771892,-914968
53759326,-1158776
53756626,-1048503
53753208,-1023874
53744007,-972669
53718566,-906126
53714275,-952028
