59520729,-1639561
60179141,-1236638
60179161,-1451146
60226638,-1492720
60227828,-1568378
60240982,-1647017
60244464,-1520224
60246715,-1263263
60252872,-1441387
60255084,-1463879
60272254,-1170838
60283069,-1374941
60283493,-1381046
60340309,-1333977
60344684,-1019204
60377536,-1162235
60379268,-1346439
60387065,-1373276
60436450,-1363006
60442909,-1445453
60449748,-1192275
60459445,-1377901
60460765,-1180365
60470554,-1210601
60474094,-1435280
60478099,-1480598
60577587,-1178960
60585803,-1337437
60587150,-1331897
60593811,-859210
60596118,-1061345
60598739,-1076406
60617023,-1143154
60630096,-1046558
60667068,-1058786
60713493,-1024060
60716361,-1016037
60758846,-863980
60766689,-894615
60798862,-817344
60800792,-869515
60523845,-1376977
60507575,-1334573
60498840,-1054510
60495548,-1055133
60490180,-1452307
60489112,-1129187
60486721,-1496891
60482307,-1367239
60470554,-1210601
60460765,-1180365
60423740,-751582
60421970,-759242
60390659,-1372138
60390254,-1348161
60371757,-1349600
60370441,-1133986
60364379,-994725
60357357,-953664
60348449,-1268872
60344684,-1019204
60278572,-1247088
60272254,-1170838
60265285,-1143561
60234226,-1225228
60230674,-1303686
60189941,-1225461
60169261,-1138239
60151706,-1094751
60133846,-2055248
60130294,-1213327
60128406,-1208782
59977333,-1311877
59971916,-1271469
59939083,-1327612
59932235,-1282842
59923255,-1279225
59918251,-1293623
